2.324622754398968372e-01 8.877257626131738633e+00
1.105440211316083721e+00 2.516844980693909717e-01
8.971950591561235200e+00 9.567327870859855254e-01
8.308771543959780903e-01 1.351569476858801577e+00
1.779196785791155255e+00 1.018896544427809747e+00
1.998158485525901806e+00 6.216063113579365501e-02
1.924573451149858005e+00 2.210427287751034253e+00
3.081215632944356853e-01 2.017061437177903649e+00
1.169277085267546923e+00 2.791276018330294928e+00
2.567418803780887604e+00 1.642349262093667495e+00
2.865795813130691982e+00 3.668843229457526833e-01
2.824179417298781303e+00 2.492967340114661923e+00
2.617933524167688139e-02 3.118482262801602456e+00
1.949545554392914326e+00 3.425113171171762616e+00
3.627943868124205995e+00 1.085715032231163057e+00
3.445510986368898187e+00 3.173818916638434295e+00
3.633937266314869241e+00 8.991856982485243677e+00
3.966991234072361650e+00 2.039701535094172513e+00
2.835850950346202826e+00 3.825650884976611543e+00
9.068959013093266242e-01 3.657671053057900856e+00
1.692132098595892531e+00 4.370294836973958930e+00
3.784095996250160798e+00 4.235201809068771972e+00
8.918975762317376876e+00 4.368378987786350365e+00
4.735394945907824393e+00 1.570496579107298674e+00
4.351516836697255641e+00 5.755355464074116689e-01
4.493341526188511459e+00 2.775285159263561230e+00
4.675470407894720459e+00 3.685759159999880019e+00
3.116357535909528576e+00 4.839969751258576203e+00
4.851071134374528526e+00 4.568917918050408922e+00
8.984281668293889744e-01 4.886301510181314534e+00
3.883099843359192782e+00 5.477658863248584531e+00
3.016132767285352734e-01 5.614093109333982312e+00
1.907284835716352100e+00 5.292017434276881538e+00
5.386967879659651182e+00 5.391288249157241808e+00
5.775549610735431827e+00 4.323081562986851978e+00
5.709836580703728792e+00 2.292770233771757482e+00
5.327510273276613972e+00 8.771066698272102224e-02
5.552699160776204401e+00 2.974566835784958840e+00
5.450040059520858904e+00 1.005356888827947159e+00
2.850729017768841800e+00 5.781595228007355480e+00
4.586395579276604906e+00 5.948333833753271627e+00
1.369688754999478064e+00 5.989209124142159446e+00
2.688319445270714314e-01 6.488917595806344529e+00
5.536310194626767434e+00 6.361340388669307622e+00
3.687742402658658492e+00 6.517131324880140575e+00
2.111016615990068512e+00 6.546233770021747667e+00
6.583093583327878306e+00 2.443178142127506725e+00
6.443803560686623300e+00 1.135940284396015798e+00
6.543624942656326660e+00 4.901767718899844972e+00
6.487296716867825275e+00 5.879001846038994117e+00
6.542075815022744045e+00 2.890936914596831664e-01
6.472986508960427265e+00 3.716997314394325347e+00
6.586869291845946606e+00 7.034337795530018589e+00
3.014498444906053010e+00 6.944367360626538144e+00
4.619391243805050173e+00 7.317122101835080272e+00
1.298007620077686664e+00 7.227920580871022516e+00
7.430548487955752179e+00 2.062118952813964068e+00
7.319536083045252717e+00 5.648276894146858851e+00
7.478198945494042071e+00 6.786763853583866357e+00
7.436058425703024000e+00 8.876617624804966411e+00
7.336957058881831806e+00 4.254606922629665000e+00
7.289854082462922769e+00 1.004040467775189960e+00
7.246792466175138614e+00 3.169425838970810982e+00
3.808804115604682128e+00 7.873124847476064225e+00
5.647185245076947524e+00 7.256418472035162104e+00
2.438822292455770924e-01 7.597843126079400378e+00
7.528747894729910684e+00 7.795996892191539018e+00
2.126569333444110033e+00 7.819847895247967529e+00
2.903848508263463746e+00 8.131789211941779172e+00
6.707687078849940754e+00 8.063360303639989013e+00
4.672022565352930812e+00 8.023838112059111793e+00
1.200477712035554090e+00 8.033271120124414466e+00
8.541914080534331433e+00 8.158525442966034547e+00
8.144482462123560751e+00 5.853953377420051396e+00
8.501071380072694694e+00 2.561699673421732548e+00
8.019717384606769528e+00 3.775583939123309918e+00
8.396563095852185299e+00 4.846463178936058824e+00
8.489181087826633387e+00 6.871360663606061792e+00
8.329184868776728479e+00 1.480073970652014959e-01
8.168962704801872476e+00 1.546938882005478577e+00
5.717708848589520443e+00 8.401389277300733482e+00
