8.896596286912696883e+00 8.804699992281276977e+00
6.525368697915504557e-01 4.148511875618896561e-01
8.911729328113343840e+00 8.739633890495361879e-01
8.059755466873499419e-01 1.385700529373755874e+00
1.681378114955205838e+00 1.425238796304981181e-01
1.774983695593899569e+00 1.096883923055481214e+00
2.007480794158197079e-01 2.160027820608245275e+00
1.832534948210250869e+00 2.088845920147391677e+00
1.111304429632482771e+00 2.652414677957512179e+00
2.706722739291408164e+00 2.533929349381204954e+00
2.838598803876650756e+00 4.845953472976256005e-01
2.810460072332397807e+00 1.395358212134992781e+00
1.907639207047657992e+00 3.349773344645941897e+00
2.878287391427565289e-01 3.392879723605877640e+00
3.616020035550416178e+00 9.447043571407947038e-01
3.506623051670921587e+00 3.108155661287292482e+00
3.597173801468314558e+00 8.957200072060384599e+00
3.591567862864188054e+00 2.374825385249578424e+00
2.963919718297140626e+00 3.977604916971479998e+00
1.221162378399013537e+00 3.755632302275750067e+00
8.862141194765284169e+00 4.112356484722512029e+00
3.819815370029148394e+00 4.367959296041912687e+00
2.009525735736742647e+00 4.361934926464583029e+00
4.586693752427979831e+00 2.689231469405707120e+00
4.697360647067205797e+00 1.642849849217708602e+00
4.790283532519588050e+00 3.480672562892428878e+00
4.416293475180376404e+00 3.887403657458026740e-01
7.100337247978937283e-01 4.980617513167668875e+00
4.513189585953077732e+00 4.693319523327910581e+00
2.688774096050330353e+00 4.896270559627505570e+00
9.938783886103247367e-02 5.348340986769236416e+00
1.440913987501362126e+00 5.472899644052221291e+00
3.700768369223749854e+00 5.440201176518310255e+00
5.671510972097959069e+00 8.819381959416734418e+00
5.465834567208084138e+00 5.171451614015963649e+00
5.225468213023352959e+00 8.307723359514318506e-01
5.608329634139202824e+00 3.236348530500798404e+00
5.389591651481080881e+00 1.798292867620777669e+00
5.497745685553142359e+00 4.365583938464820513e+00
4.572131610205947716e+00 6.109106792838209010e+00
2.590956502292175667e+00 5.918588992116069036e+00
8.632719924549807633e-01 6.087115017438930131e+00
8.845411987451072378e+00 6.405023428760101112e+00
5.451199707700348895e+00 6.447220988701937827e+00
3.570866539852452171e+00 6.274829443778132010e+00
1.902787564237887308e+00 6.434448976383031038e+00
6.348756328181305086e+00 5.143187866763190286e+00
6.301750870270249827e+00 6.238734498122352257e+00
6.378377300837649422e+00 2.688812753852172222e+00
6.347640812093420237e+00 4.955316777535146988e-01
6.527707707869081055e+00 3.735319400952512137e+00
6.390102567524117205e+00 1.565888235413404939e+00
4.596591290878029312e+00 6.952428864298047628e+00
6.975619328682118869e-01 7.296372244808837060e+00
6.253163244433098455e+00 7.243240208077080133e+00
2.840658360727317699e+00 7.066311246170905669e+00
7.082686682533648970e+00 5.457978298404979611e+00
7.220750756584509489e+00 1.181353886645929885e+00
7.142622280608472707e+00 3.291996916400701689e+00
7.200362175483026483e+00 6.880188834418624388e+00
7.186131900184032695e+00 1.181311588469897145e-01
7.416526340104368842e+00 4.405713086172970527e+00
7.272912559261829557e+00 2.156882742626055727e+00
1.785528950963518879e-01 7.830476136502973361e+00
7.362989992345003287e+00 7.869290401426342285e+00
5.272340969571467362e+00 7.810227513059664339e+00
3.842657292519331413e+00 7.695118586499608782e+00
1.901480181794749758e+00 7.446937060083657300e+00
4.512570934917504495e+00 8.250428284702943316e+00
6.203378162628201409e+00 8.186730425207484174e+00
1.038781935941113899e+00 8.023105953947579749e+00
3.008092227284286047e+00 7.936436959263213353e+00
8.123696243866215028e+00 6.056870077505602801e+00
8.337505073359965380e+00 2.537657357384327295e+00
7.886118619684705955e+00 4.940713330735603925e+00
8.035807869097331135e+00 8.203746029073593959e+00
8.257418428127042631e+00 1.759899453485472609e+00
7.972877374418066765e+00 2.939975260015230130e-01
8.032575283352207052e+00 6.977963365444285415e+00
8.291018959754893558e+00 3.648209100369208979e+00
2.048811392075331916e+00 8.423428158569437940e+00
