2.227950067603498285e-01 8.956234072807175650e+00
8.391012795661377810e-01 5.790189955626555696e-01
8.980817506972698538e+00 1.155612641430583398e+00
1.183863780996491144e+00 1.563076770068128507e+00
2.052725850382543626e+00 1.055758870927445692e+00
1.764653241323937971e+00 6.064546568068292925e-02
8.317870093075388493e-02 2.259968889186072527e+00
1.924988973076033671e+00 2.006175652184574165e+00
1.196701625943830782e+00 2.604938527946973448e+00
2.910455674702345785e+00 2.170782324761406368e-01
2.973622288283672255e+00 2.547227630768826412e+00
3.053187367926125440e+00 1.293446644779964405e+00
9.897443872948186172e-02 3.346835987637710286e+00
1.885075867866816690e+00 3.299167007383006833e+00
3.572149880849291748e+00 8.918513319940020168e+00
3.778985159290022988e+00 9.158016579782291000e-01
3.775249979081326313e+00 3.168129484908384974e+00
3.685371055762020731e+00 2.190356895532119541e+00
1.088502260544867761e+00 3.650846510836132097e+00
2.869238370165101859e+00 3.527129752168591814e+00
5.452573026488936880e-02 4.505448305127118580e+00
1.759056369063257241e+00 4.370592278416828513e+00
3.633754858409837585e+00 4.456138741491650457e+00
4.621745781917049989e+00 3.652625457906717443e+00
4.841394804292002085e+00 2.481472845589926202e+00
4.796211747490587207e+00 2.137987843172318714e-01
4.692936592666424822e+00 1.470402826255777340e+00
9.505470902826131940e-01 4.973558029915237988e+00
2.699463960452438638e+00 4.565480440081888247e+00
4.609296890787354606e+00 4.751559054264949289e+00
5.884615962906456638e-02 5.410179420599739331e+00
2.011672948666430649e+00 5.542089779161662122e+00
3.714827823444834642e+00 5.348919609127428032e+00
5.413533143826548155e+00 5.708077668123284099e+00
5.617101343520618961e+00 2.135976810302928630e+00
5.435938691510805221e+00 1.106455490981420375e+00
5.402594470989217079e+00 4.574232184642402110e+00
5.521495292477064609e+00 8.911020427323400384e+00
5.411007329513314978e+00 3.361085681872334696e+00
9.583902449738420648e-01 5.949966394484169641e+00
4.627799402211924651e+00 6.125077455126795911e+00
2.888087688284183940e+00 5.679676424701024295e+00
5.711896545532376912e+00 6.443689875519398313e+00
3.741133355021255102e+00 6.604526611969370187e+00
1.819708674989980013e+00 6.477829387766582236e+00
1.695628205662720878e-01 6.605109099195219713e+00
6.208453106445569247e+00 3.871990781767574941e+00
6.567613379635218962e+00 2.626313430945123706e+00
6.603585532520676260e+00 5.802395474572799472e+00
6.473436541517048504e+00 1.369642965636864718e+00
6.461081140322075811e+00 4.670182042297598812e+00
6.493206279819479398e+00 2.341062635421957694e-01
8.672637808260705850e-01 7.332847750716256385e+00
4.873729191982349107e+00 7.060736407250436386e+00
3.013267732439651070e+00 6.812336115949038984e+00
6.549571033142315812e+00 7.259638734191429243e+00
7.194337495592497689e+00 3.131857155882938226e+00
7.352175792274357136e+00 5.585133569110954710e+00
7.251022361041165709e+00 6.534424463738320199e+00
7.214758599932683758e+00 1.148615664231741017e-02
7.317813161115928722e+00 4.299934040496053100e+00
7.198804674065866216e+00 1.204295747422529983e+00
7.343128815583394697e+00 2.336754633435285111e+00
7.488985015339065576e+00 7.777772038705190738e+00
1.961905527539174576e+00 7.298697065834871545e+00
5.478687766765010458e+00 7.690399983102187420e+00
6.432934082179435353e-02 7.813034866919995380e+00
3.829007791599944976e+00 7.752187168000038930e+00
4.703398213942192818e+00 8.250999757503015175e+00
3.068675267229200809e+00 7.872579125925915022e+00
9.297317850122785998e-01 8.243135144089007937e+00
6.496938332317591325e+00 8.071221675110264115e+00
8.456787187021044261e+00 2.530291855478614682e+00
8.083853324106978988e+00 4.587554385605824514e+00
8.279926544208809247e+00 3.660628409869529420e+00
8.259384289282408531e+00 6.992921284333657006e+00
8.212044191812506000e+00 1.252231284656831534e+00
8.130106672213175401e+00 8.306621260805370000e+00
8.232328972321980132e+00 2.994023164895284750e-01
8.264414896541007138e+00 6.093075579343142145e+00
2.076500318409942647e+00 8.262236304834596368e+00
