8.901914460274534591e+00 8.898112145103434401e+00
9.888584119119259164e-01 4.670937762367791679e-01
2.019517045036343592e-02 9.618423010607435319e-01
1.082205245474764599e+00 1.318569197278648408e+00
2.001852000927715203e+00 9.906927958841701409e-01
1.803028236238055859e+00 8.917037360519997069e-02
2.076241814472860270e+00 2.146103241882423074e+00
2.527475559747758838e-01 1.961915558477798527e+00
9.907651738520788509e-01 2.612176194146031971e+00
2.902182094527860023e+00 1.566283027299782082e+00
2.816878067125610396e+00 1.422616204421620623e-01
2.860758459348287097e+00 2.484561142454130955e+00
1.779041956225646537e+00 3.118160805189859719e+00
6.558646633939815840e-02 3.256428073723267591e+00
3.711015714306189039e+00 8.894899352433560225e+00
3.942113945743518588e+00 2.103494933274350664e+00
3.461312264569973429e+00 3.349080240835589972e+00
3.657230994921917056e+00 9.036948762621906939e-01
2.833657524776156400e+00 3.860205272428655743e+00
1.165724048127512402e+00 3.533332827824622768e+00
3.637077968327025346e+00 4.474782628199613477e+00
5.139769100739556562e-02 4.420668266973699190e+00
1.717203259984240837e+00 4.456681562247077899e+00
4.403568716310981124e+00 4.095873217232950947e-01
4.628583232247114765e+00 1.589146243120176161e+00
4.514964516412724116e+00 2.806129464242858251e+00
4.481538659959083404e+00 3.629548705782137841e+00
4.904763198079749031e+00 4.957556535862042146e+00
1.106983077346290534e+00 4.919684630109524726e+00
2.796541509711485407e+00 4.732231054798064385e+00
1.913423625553396290e+00 5.458524606948210511e+00
3.949182972086567656e+00 5.344870898991485042e+00
2.834293700176812592e-01 5.584050219323651199e+00
5.630157014479705069e+00 4.191348444913198357e+00
5.643497542896374064e+00 1.950554635230908440e+00
5.544198163015869874e+00 5.430539827740355818e+00
5.320009793348010163e+00 3.391157998106214322e+00
5.457322593697529811e+00 1.106227733036360794e+00
5.375371365889442643e+00 1.255362194249468322e-01
4.588076694193314431e+00 5.909389825964278309e+00
1.228137706629323311e+00 6.233899681844270901e+00
2.868918881458808023e+00 5.999178053631477603e+00
3.401238641326692846e+00 6.428109428434547468e+00
1.839986980168140995e+00 6.580507456387634235e+00
2.396230756735940465e-03 6.487241084839199701e+00
5.395565429406924629e+00 6.271699121874698690e+00
6.316015666014498819e+00 2.361857698962783303e+00
6.603083799742030635e+00 1.407679775415479950e+00
6.573426278671382406e+00 2.675761306779996795e-01
6.338475554299888515e+00 3.604816530791946860e+00
6.686001654452889298e+00 4.670288558926317002e+00
6.645532868324154130e+00 5.986722710819495141e+00
6.417273599313170429e+00 7.017874545482924553e+00
9.386989924592620271e-01 7.414904178998669160e+00
4.571508564741859182e+00 7.301862417926737514e+00
2.862070483542281440e+00 7.081487692658734012e+00
7.198351288431097394e+00 5.280129339717145598e+00
7.185955845460946456e+00 3.577703399819438107e-02
7.440900861168793234e+00 1.160086476719930815e+00
7.461447480837632540e+00 4.278565624161850600e+00
7.295052863412831101e+00 2.384068412125738945e+00
7.185099844520497214e+00 3.241299786189947518e+00
7.352028548144431852e+00 6.424427176673214390e+00
2.769404274157145074e-01 7.890694952458211731e+00
3.946199244349745339e+00 7.655396730423911222e+00
5.718615659974901178e+00 7.254182406906202196e+00
2.134131296722270310e+00 7.769058512534773975e+00
7.529774705921862932e+00 7.770087861024528308e+00
6.644356246977476843e+00 8.097208317978394021e+00
4.605861949791079546e+00 7.992970393819625485e+00
2.752535652489679574e+00 8.191312370721902880e+00
1.111457281978047051e+00 8.145371290534477282e+00
8.217079763870877684e+00 6.020918550161927563e+00
8.137870298764102728e+00 1.700492656222276855e+00
8.166750550831764599e+00 8.054846066772011426e+00
8.330462338433212821e+00 6.996294029277209781e+00
8.320222090144239857e+00 3.218442900019229946e-01
8.242420281440843155e+00 3.744936803362991729e+00
8.602070793804770688e+00 4.899208476247578936e+00
8.457247492439112335e+00 2.638844236621665118e+00
5.744962038571651775e+00 8.419539888261091676e+00
