4.114220459669746394e-02 2.011964132522226500e-01
1.114793180062488620e+00 1.461987894857950943e-01
2.362213129895328056e-01 1.178716464274433662e+00
1.394415323024136732e+00 1.438895247065602456e+00
2.044880832050371744e+00 1.124238740272924364e+00
1.769862724604204685e+00 8.951164210422607681e+00
1.949446717371649651e+00 2.151266966403677650e+00
2.798126036368249192e-01 2.017224244859169513e+00
9.888862875836532673e-01 2.673904914697482038e+00
2.894368875413598996e+00 4.116961584019863674e-01
2.721475243582842651e+00 2.899082251140916888e+00
3.011939336701824566e+00 1.803398248042643814e+00
1.734876443121287706e-02 3.268647079752544649e+00
1.994060624248155111e+00 3.380770048585713727e+00
3.792089899682780985e+00 2.067898609474741356e+00
3.678822495209745913e+00 8.947201128287389338e+00
3.601183284409273266e+00 9.933518608506874958e-01
3.731648370134674764e+00 3.097921842320041197e+00
9.405006589552551421e-01 3.532843564909455836e+00
2.642036348083976360e+00 4.003324877089498024e+00
2.718082967997275667e-01 4.196218577032651886e+00
1.893821363895424881e+00 4.642913900707954511e+00
3.806956160832823066e+00 4.151972282829316185e+00
4.490669695929541128e+00 3.577382691843937756e+00
4.769231394343391273e+00 2.627051694632244860e+00
4.746492382043359548e+00 2.781093136291417078e-01
4.674668879281949962e+00 1.284392763815035865e+00
4.536795559882437878e+00 4.780434568640214543e+00
7.709558310633191081e-01 5.011737348555180382e+00
2.897719501732912040e+00 5.004743184640556564e+00
3.153138665413712100e-02 5.500250083459714112e+00
3.635821737772629181e+00 5.303532124008753179e+00
1.850092123483951356e+00 5.323500270491130948e+00
5.640408910840197798e+00 1.059421435131913336e+00
5.346136180340034905e+00 4.595032201303878239e+00
5.567586279471542277e+00 5.544190930930468220e+00
5.688901593524487765e+00 3.228323451410042733e+00
5.408514101518316686e+00 8.789818667832316024e+00
5.324638555178366595e+00 1.942246942600922566e+00
4.568914794265674040e+00 6.072624292170473836e+00
9.374025543062091126e-01 6.002246286798219366e+00
2.767116123380455761e+00 6.296528309012752622e+00
1.937102657192196320e+00 6.603586346966291210e+00
3.865112290866686617e+00 6.361061402902657314e+00
5.329980072148926773e+00 6.743824432288150206e+00
8.830692100454550442e+00 6.635278074003084114e+00
6.328916598813496108e+00 3.474052683267450647e-01
6.410136845607605771e+00 6.059722307404266317e+00
6.514006558190298612e+00 3.701635395704839127e+00
6.116417399994361404e+00 4.827494553688810974e+00
6.188256754003893967e+00 2.826186655268883019e+00
6.634072154856069048e+00 1.603402811996039068e+00
4.547001986538223406e+00 7.282502761329905816e+00
6.357893930612299904e+00 7.118641135652145735e+00
1.099155077157270677e+00 6.856344123311402861e+00
2.962004179689817551e+00 7.056444969958239000e+00
7.290476088619202599e+00 5.385078480260094835e+00
7.442539310189559387e+00 3.166670112745315180e+00
7.134256280001101125e+00 4.410570214749502505e+00
7.082864742658823154e+00 1.169448932676869557e+00
7.465500721024869613e+00 8.924114320100432707e+00
7.377349550760498254e+00 2.359026247902854312e+00
7.210796966106446604e+00 6.373564158906861898e+00
8.995353056016343274e+00 7.408448612905145225e+00
2.047141528988380532e+00 7.767183397478007123e+00
5.759775541267693200e+00 7.613965767988847055e+00
7.274499635413823384e+00 7.821055971042481403e+00
3.634698521806986715e+00 7.836584122617805015e+00
2.804746562736647686e+00 8.325955224214652617e+00
6.471428317350329529e+00 8.470942142471269420e+00
1.221581720586544018e+00 7.958505218706457107e+00
4.576243034333303150e+00 8.159666609568350992e+00
7.984487611991035294e+00 8.326223878479694918e+00
8.087233719447612046e+00 7.371144314456995694e+00
8.113621930307489905e+00 4.006742820383196957e+00
8.303797251363256748e+00 2.593744016707687727e+00
8.162434627027531420e+00 6.838529391447497607e-01
8.269037261975130448e+00 1.523019094971709286e+00
8.030896668335147481e+00 5.995184283461575170e+00
8.259892062738721563e+00 4.785000339543846515e+00
3.650259943076237801e-01 8.408681548733879296e+00
