1.624967041971452919e-01 8.884389578985832259e+00
8.257162075718101901e-01 4.566292280778957435e-01
8.884973416649353695e+00 1.187028555518495843e+00
1.016750882618896012e+00 1.553482193968551472e+00
1.716545610312047332e+00 2.110776533761771212e-01
1.902256686463690949e+00 1.170950272520834057e+00
2.634035911760004289e-01 2.088085410184189694e+00
2.047893376789495790e+00 2.232494487068295452e+00
1.059157874494636387e+00 2.648729057943018717e+00
2.914668895494509915e+00 4.150670697974778722e-01
2.803811743819761837e+00 2.492625477936190048e+00
2.921136702421589959e+00 1.262977908875810407e+00
8.747737336409757702e+00 3.140434169091209426e+00
1.938764860875922924e+00 3.376250370809701806e+00
3.616564241256112755e+00 2.148373733871547842e+00
3.664750166029574707e+00 3.106483923955975168e+00
3.852156235331380518e+00 7.984408585540411218e-01
3.558623737403955545e+00 8.951531624343795457e+00
2.887143911167465493e+00 4.083416393302089276e+00
1.116261628088891511e+00 3.524900056168241758e+00
1.965809194476656918e+00 4.280648883303929786e+00
3.859602007546984126e+00 4.019097360665290886e+00
2.223398414191641859e-01 4.353148974286686013e+00
4.523133785039621380e+00 1.627779163813930952e+00
4.832424404108670579e+00 2.890976804068766115e-01
4.792904724076832323e+00 2.585338202007806618e+00
4.496585860974430915e+00 3.535719101925203223e+00
4.802975639883342751e+00 4.995687722119491525e+00
3.097743232898665156e+00 4.902157787208650142e+00
1.057012530644826365e+00 4.611539391019621625e+00
6.022721867694952325e-02 5.368302323642265783e+00
1.847042068165073880e+00 5.558297725715829252e+00
3.919608651176414327e+00 5.416441758291957065e+00
5.510276075630171633e+00 1.052222806435061386e+00
5.559603800975128074e+00 8.779426847292606695e+00
5.530995404129615878e+00 4.301556848132776167e+00
5.595983184926560661e+00 5.119994845892432700e+00
5.699850086651060188e+00 3.365241986659841533e+00
5.354441478210313576e+00 1.952143170791333926e+00
1.072802621380704258e+00 5.788197289078786056e+00
2.998801364982510709e+00 5.822470659295926332e+00
4.841921299686573477e+00 6.032324480225712549e+00
5.539157488756471182e+00 6.537391664897639565e+00
1.888385615245103732e+00 6.329367198822269280e+00
2.869773822075069591e-01 6.545891990598649457e+00
3.774513158112706268e+00 6.497759754634354401e+00
6.612420751010038344e+00 4.793468683405124331e+00
6.479163470660299851e+00 1.228932060128537174e+00
6.433754416651739305e+00 3.233105328547670188e-01
6.592909378430350742e+00 6.154986201977667548e+00
6.480086739111809990e+00 3.577876230943075608e+00
6.455057759591616318e+00 2.616053077787743320e+00
1.028423650725429850e+00 7.259934351725849666e+00
3.071794935328004961e+00 6.899378398263932510e+00
4.755634022113630621e+00 7.147828725630529512e+00
6.466515385217325829e+00 6.951961772400078843e+00
7.393972747753952746e+00 9.670108100689230879e-01
7.105963083066419550e+00 2.128604937012366083e+00
7.279051753549210524e+00 8.859946456227572043e+00
7.380575264759090537e+00 4.562894978294731452e+00
7.239090765532066207e+00 5.453700906039176566e+00
7.333969350233120466e+00 3.050519775427692704e+00
7.523112503717202415e+00 6.467295905834233416e+00
1.476274182756097675e-01 7.564789300181218756e+00
5.402144830342828108e+00 7.657423601394593327e+00
7.228642610548309477e+00 7.842298915815641536e+00
3.747820914626030397e+00 7.779382655018819648e+00
2.005036375700222973e+00 7.317187972732035917e+00
6.576205914969638577e+00 8.014992761554426082e+00
1.142103437645580533e+00 8.276521971985930648e+00
4.732238968134298673e+00 8.357496622227220229e+00
3.082678843269777147e+00 7.972396576736756835e+00
8.370510583665968340e+00 8.203824873151159380e+00
8.352942142615926713e+00 4.776695317031795618e+00
8.461834829238098266e+00 6.173369506065002454e+00
8.191843657547652313e+00 2.614115796373203349e+00
8.274747303623705363e+00 8.272596710592435010e-02
8.172430856890207096e+00 1.387447834507583133e+00
8.209790850400205287e+00 7.105036003766504571e+00
8.266105993604334401e+00 3.779500496086654060e+00
1.967921247668583895e+00 8.247590955256812961e+00
