1.217014775955681388e-01 2.616325693798972618e-01
1.094715406518255607e+00 4.032329953603089878e-01
3.345683509282747908e-02 1.279705398532569927e+00
1.037539307394088617e+00 1.417031490365051383e+00
2.020119247465266277e+00 8.903724159836947649e+00
1.800021466408723070e+00 1.097722652166401414e+00
4.053350787555015655e-02 2.244448823018128536e+00
2.092299163611858859e+00 1.976960975885444727e+00
1.192755334659281852e+00 2.597179201888033973e+00
2.904190194972172900e+00 2.624135448695888329e+00
3.019514266093414001e+00 1.591528640097843894e+00
2.833066326648776556e+00 2.459884807862136313e-01
3.336461077871039071e-02 3.338702265756266829e+00
1.754639616739367414e+00 3.182791470424502833e+00
3.899452341920101706e+00 2.145981404433455086e+00
3.737222807744409181e+00 1.225951552973592706e+00
3.461578569059212462e+00 3.263924139022686965e+00
3.527573640079025630e+00 8.928887363845086966e+00
1.112102241777892297e+00 3.448013289970726536e+00
2.854547983597449434e+00 3.815980924788062723e+00
1.207128383232135109e-02 4.294668880162550550e+00
1.805525324659839059e+00 4.536892733231460362e+00
3.834977143150489542e+00 4.311825474432845695e+00
4.875910227637324290e+00 3.637685291323438541e+00
4.590822339390860485e+00 1.645442511709260813e-01
4.659011059596388726e+00 2.694764487938949848e+00
4.712515538732288789e+00 1.230530463471611435e+00
1.114878277316188715e+00 4.812803957027025348e+00
4.476352361848609185e+00 4.748800941304101464e+00
2.791080647859781827e+00 4.691521762015275598e+00
3.592070022639591576e-02 5.444641991787016799e+00
1.671694471044807617e+00 5.483989753570342351e+00
3.653521821114548374e+00 5.469009733616753799e+00
5.393041177017146914e+00 8.841861877046154561e+00
5.431501203292110169e+00 5.223097863632973237e+00
5.525731660051985905e+00 4.325995028654413765e+00
5.489454790455270405e+00 3.051136054372646900e+00
5.566221338440298538e+00 8.605401726992994993e-01
5.429497125739914942e+00 1.952793699619159273e+00
9.745512154257514048e-01 5.927161390100394556e+00
3.031491140769078996e+00 5.716540118209335830e+00
4.820048248192160933e+00 6.061207281993612028e+00
1.864950723270884791e-02 6.578479161501595840e+00
2.100077054334625881e+00 6.599419897725582906e+00
3.790549280445421054e+00 6.671958967041188515e+00
5.316808571199113764e+00 6.459817787407039269e+00
6.264827424649363152e+00 1.588265838877950253e+00
6.561807281248195345e+00 2.551075486785490121e+00
6.466212318536976866e+00 3.802737682528847696e+00
6.313166808637619809e+00 6.054977193820499259e+00
6.494952577037865105e+00 5.072521521916845799e+00
6.558121245289151524e+00 1.980499279294445913e-01
1.219034234750073997e+00 6.982046397981935826e+00
6.518372019583019927e+00 7.100498833853552405e+00
4.556029570660592221e+00 7.235551472112840443e+00
2.939756171902631721e+00 6.788012728030287768e+00
7.536914850703912983e+00 8.792067061053936428e+00
7.139681697773360369e+00 6.395727842371452532e+00
7.219695679329080740e+00 2.142504752388261657e+00
7.261865410860975700e+00 3.405739053543333839e+00
7.074821346653703991e+00 7.675849880801257630e-01
7.075879597799101361e+00 4.410232555086859740e+00
7.493703924285708418e+00 5.573971588119528420e+00
3.335817378106360476e-01 7.371254602087454977e+00
5.879574896637534742e+00 7.675919974332702012e+00
2.084037596286266059e+00 7.601821464329201916e+00
3.788301453659430607e+00 7.784661526421899680e+00
7.551784457988117261e+00 7.642713929382891180e+00
4.630482714040921266e+00 8.176432187541376351e+00
6.303794309925219608e+00 8.174093515861056147e+00
1.303480481374746258e+00 8.163837633436044072e+00
2.869630671904100261e+00 8.230764454114369855e+00
8.220604940750972034e+00 8.281414746172270469e+00
8.148264016526054476e+00 3.713618428055341258e+00
8.103022004785568555e+00 6.029810965309329029e-01
8.367844846883114585e+00 4.774134079034265454e+00
7.977152614830544941e+00 1.554133653581111219e+00
8.310847854107873189e+00 2.551767208983092949e+00
8.169785467773028387e+00 7.397154993068192574e+00
8.266545243201548487e+00 5.996153077666838804e+00
4.274097651777478135e-01 8.411370226381547965e+00
