5.839552694806057070e-02 8.961144937938787081e+00
1.086579461175310790e+00 2.055163876476212015e-01
1.271155239640313073e-01 8.936960032840312040e-01
1.180060303358615892e+00 1.463492384281507297e+00
1.847265572007634749e+00 9.562378102868172025e-01
2.072901378864431710e+00 8.685014110982058000e+00
2.011852329265610084e+00 2.044598177972482667e+00
1.241883837277009926e-02 2.229944691562255610e+00
9.188446092505979657e-01 2.374547292390127851e+00
2.749613228524123265e+00 2.842920373909565424e+00
2.921581817275817006e+00 1.849599775807509783e+00
2.746760662930246344e+00 5.705853781190519669e-01
1.679964008502293993e+00 3.178310156024535704e+00
6.121403750243196301e-02 3.089449305202499829e+00
3.753948518983446281e+00 1.321402272020080204e+00
3.400975278873712870e+00 2.159307211790680026e-01
3.810412390651769066e+00 2.337479937727902524e+00
3.984851530357079508e+00 3.423435626805330312e+00
2.804578822420125128e+00 3.695038829772860467e+00
1.094096110813925993e+00 3.616590084894180990e+00
7.850537927358275381e-02 4.341503712899259959e+00
3.550777606546755560e+00 4.224218652792909978e+00
1.735517284576777453e+00 4.391200819953049006e+00
4.640113934307543708e+00 2.627059346995165967e+00
4.811985883611225034e+00 3.921294979816971171e+00
4.628305482030313556e+00 5.039580563366948818e-01
4.614840025853013117e+00 1.203722387094467994e+00
2.875854598370576998e+00 4.729555280037448739e+00
4.618165477390216545e+00 5.053618265262841192e+00
9.781471451145061780e-01 4.858288361403930722e+00
1.662275469485023027e+00 5.299187942954916686e+00
8.887363359946466090e+00 5.351510714495286258e+00
3.501682549640352970e+00 5.630630751754926777e+00
5.600272550308832642e+00 7.276965098975741730e-01
5.362217854389638383e+00 8.768383160926337183e+00
5.472765764685216361e+00 3.120901366315148362e+00
5.553885273935506461e+00 2.154045391713113489e+00
5.587696891376650044e+00 4.302273804852081440e+00
5.282386100449782518e+00 5.175998165098507187e+00
9.285630560875485218e-01 6.274647083845669826e+00
2.639563913535761142e+00 5.725403285056966496e+00
4.404457212736403449e+00 6.008093188366484760e+00
1.973571377084653689e+00 6.509196745969939357e+00
5.500350820632995408e+00 6.460550495557224160e+00
3.581401127195026124e+00 6.620419528768564099e+00
1.945423499137013956e-01 6.416414669525253522e+00
6.233952720770056466e+00 1.635533562455773637e+00
6.486887653378706098e+00 4.923032841017307426e+00
6.330662781267807127e+00 6.118273029217168535e+00
6.454658381189576133e+00 2.608562735821200462e+00
6.431537506078013777e+00 2.979281425864289679e-01
6.594147505195872228e+00 3.590808250615562525e+00
4.784912747011863310e+00 7.021621827810677452e+00
9.233859040477521152e-01 7.198128663432387775e+00
2.514832249927497543e+00 7.057684217988845710e+00
6.351320242526556470e+00 7.015506911634830089e+00
7.347529028191349454e+00 1.814628896295973348e+00
7.445971939718985411e+00 3.142404919813740705e+00
7.102891996775853478e+00 4.315928729145116272e+00
7.219329863191455310e+00 5.423009233401322682e+00
7.334934772040401008e+00 6.435444707713520174e+00
7.182490416342358408e+00 1.057857878576450972e+00
7.369467737301985899e+00 8.879836446067168154e+00
5.680581284862619817e+00 7.644186695812586585e+00
9.609455598604951798e-02 7.611848439705494407e+00
1.874908784560100905e+00 7.733368227302854336e+00
3.776765683857740807e+00 7.439351862551441208e+00
7.319976902580829226e+00 7.853014213304771118e+00
4.784759224548692735e+00 8.129478099070222896e+00
6.566989620280527795e+00 8.292586199587494988e+00
8.026786373664983598e-01 8.427236966577597244e+00
2.738089587964736893e+00 8.202398639303471128e+00
8.226395548154037840e+00 5.945744061767939570e+00
8.159161946755938644e+00 3.462036051071010756e-01
8.028522490310169957e+00 7.081140976703935053e+00
8.178012562514954453e+00 4.712517058140599069e+00
8.052072337022019966e+00 2.522980933711927332e+00
8.286851671811945153e+00 7.876631248195927526e+00
8.343448689009786534e+00 3.738927129680707839e+00
8.410716096760506133e+00 1.228654755180442981e+00
3.789286402263040365e+00 8.338577613606421579e+00
