8.936344569238629632e+00 2.039071534554892928e-01
1.075536639474117928e+00 2.851934842123799441e-01
1.059162032943443965e-01 1.293061713938319146e+00
9.859318858913946881e-01 1.446343794473201383e+00
1.777539605099693221e+00 1.065365572919997061e-01
1.862660472677192924e+00 1.176652717981166996e+00
1.943430098038672504e+00 2.083123151015105812e+00
3.067128456608675946e-01 2.218454489457142298e+00
1.105096447911065871e+00 2.966465024688127894e+00
2.849016659459377543e+00 2.362068204370312563e-01
2.913235744637638902e+00 1.550538495432075559e+00
3.043178490366862388e+00 2.566456890767983001e+00
1.967390095990313448e+00 2.967287381117531542e+00
1.084857148852599873e-01 3.182639945487821365e+00
3.764016661923001550e+00 2.173307319180097341e+00
3.823911699490072813e+00 3.445436060439618586e+00
3.515770526991061296e+00 8.905947611891626980e-01
3.832152975749577362e+00 3.492474573047221406e-03
2.896781240425291504e+00 3.735505268414379909e+00
1.189507141994484485e+00 3.955252295030711185e+00
2.132550567601370073e+00 4.238618019518632707e+00
3.552655268922219278e+00 4.504240586135471958e+00
8.964202725475844957e+00 4.352626923474564258e+00
4.581952812626306049e+00 2.552693430679414899e+00
4.644087081952285700e+00 3.781269381279141584e+00
4.716262128998083725e+00 5.285520210493009907e-01
4.722159631487599540e+00 1.314047859623154402e+00
2.764146387633794166e+00 5.066402193430397993e+00
4.516089924452451498e+00 4.893299751773884765e+00
1.126398303776048770e+00 4.762972941595368326e+00
2.503697821720161087e-01 5.489932387409261594e+00
3.755144175614419044e+00 5.594435999840727369e+00
1.960265313644956153e+00 5.377691837650501405e+00
5.675803274576925794e+00 4.239146138853471690e+00
5.261524339954339879e+00 5.318472957412300417e+00
5.304018961125342102e+00 3.125339775383638052e+00
5.470210690873839710e+00 1.067743248204609641e+00
5.598097512287625754e+00 2.248189184159104848e+00
5.648262007610217239e+00 8.816130876959777041e+00
1.183206812571613975e+00 5.948029643920234477e+00
2.757183555314836720e+00 6.404191545599434932e+00
4.754967678851630630e+00 6.094076862533222005e+00
1.902866890868180061e+00 6.700857907661163182e+00
2.477913913412536362e-01 6.364026041374322595e+00
3.835812591096266821e+00 6.435961775998072731e+00
5.701095487481619095e+00 6.549620377880625455e+00
6.405378716911799053e+00 3.822044477421572495e+00
6.392462596598195823e+00 4.879027773419467806e+00
6.481195350711869807e+00 2.428210561758335828e+00
6.499326720053161921e+00 1.509205059185607656e+00
6.273560356737096555e+00 5.913969241795801857e+00
6.308700980031482608e+00 1.745869327904361612e-01
3.032151816643334552e+00 7.149829342521743847e+00
4.716997731796796600e+00 7.289186199501290098e+00
1.069553153772635934e+00 7.214168070103549546e+00
6.692217994566112438e+00 7.177744863837902223e+00
7.288229478456869970e+00 5.486467706462430094e+00
7.286567313783875122e+00 3.509422113111804631e+00
7.183782861546165854e+00 6.544438844811033995e+00
7.270573431564303135e+00 2.225625333832432329e+00
7.420647453792438952e+00 8.767714794843698201e+00
7.271759907502830522e+00 4.205079559335125339e+00
7.179488341533754259e+00 8.990835026239890615e-01
5.556240659771986223e+00 7.544441947952663874e+00
3.787903809340076311e+00 7.897575928142562596e+00
7.544977648702683837e+00 7.657484850125866771e+00
8.967021773337652490e+00 7.306543589646985914e+00
2.071591820369307779e+00 7.798311028274470758e+00
6.241833929062805986e+00 8.238078178137648422e+00
1.126304469647739337e+00 8.071188036825542866e+00
4.507227736693779185e+00 8.135084078605014923e+00
2.738829943500805442e+00 8.325646957462188524e+00
8.377969113410218327e+00 4.971717022345065295e+00
8.359858552512044128e+00 7.000423840781056839e+00
8.199870181111277745e+00 2.539596987036681686e+00
8.375713138309457406e+00 3.717957069356541133e+00
7.930717836625570172e+00 5.945837481594153928e-01
8.051346109813735552e+00 8.310055776702274244e+00
8.017057334782490940e+00 5.796663242137987559e+00
8.203126810937021673e+00 1.719285510450902388e+00
2.414075043175133439e-01 8.539465599753299330e+00
