1.556510653705892866e-01 8.722807308255108083e+00
8.257274587126715026e-01 6.177243945963158955e-01
8.863924743881259616e+00 1.085221800301016115e+00
1.000667217259102681e+00 1.500885739685704490e+00
1.629967392016963057e+00 8.729077829293502289e-02
1.919334486275860785e+00 1.047823668239736383e+00
1.840589950466872127e-01 2.236103216534257143e+00
1.873910880957573299e+00 2.117889223320776892e+00
1.003420272571493355e+00 2.754414731772091507e+00
2.689881555348293318e+00 2.531219054336031782e+00
2.900040416869529736e+00 1.183019771996265401e+00
2.901568664077989634e+00 3.723856079731691637e-01
2.109000165735137600e+00 3.101272784600742405e+00
8.915627613399381701e+00 3.060859814025961079e+00
3.713928449303082413e+00 2.148618306294519886e+00
3.829950116001497040e+00 1.086468184605451803e+00
3.563419876222437388e+00 3.252706877331764002e+00
3.638569452094013723e+00 8.959695765881821927e+00
3.023934349522230836e+00 3.880961129982502200e+00
1.140993861341801141e+00 3.672359589695453064e+00
3.849743810308796199e+00 4.456416830880677971e+00
2.544311211306041209e-01 4.495257711497202102e+00
1.758708323232158977e+00 4.208852253075913374e+00
4.462709972817081372e+00 2.471123696431916983e+00
4.605842596900918906e+00 2.535786228222226546e-01
4.748253497770716258e+00 1.535179714189440547e+00
4.380185658895122458e+00 3.857140380690543768e+00
2.781146196379153057e+00 4.841080938775573550e+00
1.042825218680459187e+00 4.756867254685164248e+00
4.794934063393010426e+00 4.919410525447204030e+00
2.215757254601649073e+00 5.346294746726591995e+00
3.958997810389967675e+00 5.740833095656043383e+00
2.498422424481012982e-01 5.305248040253601083e+00
5.537984876532548562e+00 5.284193589600302055e+00
5.773773749856092152e+00 8.947071280777967317e+00
5.466423821489476254e+00 3.958187606337336906e+00
5.582068101059254772e+00 2.078521285225653603e+00
5.329860175253271493e+00 3.127692930803343430e+00
5.611607681345225807e+00 9.345125876129544151e-01
3.024648160221376614e+00 5.942631121002202477e+00
1.097846970231154851e+00 6.200264043154175120e+00
4.873397005749631639e+00 6.049761314575980542e+00
3.861786010298250638e+00 6.593258845109041921e+00
5.685103065617423290e+00 6.482301218915644370e+00
1.399344391586590519e-01 6.312322712526748703e+00
2.025508657241223975e+00 6.283165508199656912e+00
6.388967760923635275e+00 1.407045768285228871e+00
6.354079558623587864e+00 2.755152574076821459e+00
6.464609732361741301e+00 1.283141205988616307e-01
6.334906689409729452e+00 3.766549596672765343e+00
6.445489264075194846e+00 4.997453811174227489e+00
6.694436653880074140e+00 5.848750497764123146e+00
6.366736393312201869e+00 6.918930575884028045e+00
1.003473103981708414e+00 6.982354652788281157e+00
4.867267295066868726e+00 7.401547108281965492e+00
2.865023976050033561e+00 7.112464302378984193e+00
7.369404015614374082e+00 5.199698873464968507e+00
7.257674706472376336e+00 4.120471663734773138e+00
7.410366112064830979e+00 8.924152064029904352e+00
7.296157513766637237e+00 3.012659184682626279e+00
7.192884620861168088e+00 2.001566956570215883e+00
7.493643621448480729e+00 6.579525094704811394e+00
7.352815756306116057e+00 1.155859756054393950e+00
7.334812389679234990e+00 7.795643321800733716e+00
5.522956465689004446e+00 7.732299233732468302e+00
2.510766246809867375e-01 7.820939843842229955e+00
3.912828768191727313e+00 7.598644770752327915e+00
1.953357332578232519e+00 7.416940737712114817e+00
4.658268067656647915e+00 8.486452124478711667e+00
9.647406517617280741e-01 8.187982743100004512e+00
3.086773994986386160e+00 8.016028521657695194e+00
6.568806911963848805e+00 7.919654099722961860e+00
8.123607552267694487e+00 7.025662943768209878e+00
8.345552656371006961e+00 6.172639765795799427e+00
8.193122166301932907e+00 3.958631350777327640e+00
8.150644337229840275e+00 2.166040492180302257e-01
8.250209736607208910e+00 1.447150370495395633e+00
8.224202552622715601e+00 2.806868503663431547e+00
8.337216469454387990e+00 8.167645923186926282e+00
8.189909202903470131e+00 4.786023625616973476e+00
2.109745836308461353e+00 8.320801980140428711e+00
