8.184330837254331914e-04 6.386362726254132816e-02
9.875830425122396061e-01 2.902280339998687952e-01
1.919778083108139854e-01 1.118950319985541730e+00
1.125245244042063053e+00 1.493823051393510015e+00
1.698055367737023591e+00 8.270510327320195199e-01
2.139968136591924530e+00 8.967810393292781512e+00
2.625239133836747563e-01 2.367368852210268049e+00
2.216072932494013159e+00 1.994858657792011769e+00
1.011238752538910379e+00 2.506375788826016748e+00
2.762953213295409327e+00 2.440275503932626489e+00
2.924939404125023401e+00 1.499941167480922211e+00
2.850632195275855096e+00 2.714022807709821627e-01
1.166009676548920987e-01 3.323421056608805824e+00
1.871944413290927534e+00 3.309418606154888032e+00
3.988869825638424960e+00 2.164568897415131588e+00
3.859260754243838409e+00 8.919841491978230508e+00
3.632933004912140440e+00 3.387856520735009980e+00
3.601660421018427538e+00 9.558634177106153373e-01
9.851332281077280761e-01 3.615015466194311688e+00
2.702535966254287381e+00 3.571445076640186844e+00
2.008483453890593129e+00 4.309473537769578755e+00
9.950634241582563544e-02 4.464483316646408184e+00
3.743686541544537061e+00 4.095337942807491416e+00
4.590284022640631179e+00 2.531966195364763639e+00
4.645588782134797867e+00 3.859299839867921023e+00
4.573993142657915456e+00 1.431094133049512607e+00
4.583272209698740163e+00 1.495886888611843712e-01
1.168336046377086213e+00 4.751007447478055923e+00
2.819603397061736683e+00 5.071745892445987280e+00
4.567397951000493173e+00 4.965776899238315778e+00
2.965428315516431823e-01 5.476009034376660090e+00
1.791998719620924829e+00 5.402375162731151370e+00
3.899421316448084429e+00 5.292451850571593397e+00
5.754894755265484996e+00 4.323209823438923571e+00
5.678050738666596153e+00 8.852430375345203828e+00
5.295722585822003836e+00 9.299602854823663112e-01
5.570547115422388451e+00 2.205611315504835357e+00
5.589618786982354592e+00 5.349419566474383991e+00
5.367931595950108381e+00 3.438271580206857969e+00
2.893493984024346322e+00 5.708564666340606664e+00
1.039749310884403810e+00 6.168902864378698503e+00
4.578279807156742542e+00 6.115425516911958681e+00
5.603604567605223963e+00 6.196937112178062534e+00
8.990865387208357262e+00 6.433163956145980578e+00
1.872280563847241952e+00 6.502189639961581946e+00
3.603233339275580871e+00 6.695408755885886798e+00
6.338165527932708265e+00 3.706117720153581985e+00
6.690645428718723586e+00 5.007229383039185855e+00
6.278341225110134260e+00 1.676474041953212257e+00
6.440084790258493008e+00 6.089970498441234170e+00
6.365110643743935093e+00 2.477022632916206391e+00
6.174326728901863959e+00 5.238996437121949956e-01
4.601090433153142811e+00 6.968693122283992736e+00
2.839531227890430554e+00 6.969778251143099901e+00
6.320562523039124692e+00 7.284006113958251483e+00
1.287562910863685017e+00 7.219337176113407750e+00
7.297407708870538023e+00 6.526925518860893227e+00
7.353955742425893227e+00 4.317618492741202907e+00
7.193227804048487606e+00 3.202920951715095388e+00
7.139489665771755256e+00 2.060741180802992123e-01
7.502997419414885627e+00 5.294391571905888050e+00
7.562760843012653389e+00 2.016522924051859622e+00
7.343256154357596266e+00 1.239506923887162548e+00
7.310180615517047897e+00 7.380057481885394566e+00
3.741895085109471442e+00 7.701388757912325467e+00
2.040919877380348968e+00 7.774901435239486958e+00
5.498907590059258332e+00 7.697832272154593092e+00
3.912362156381783418e-01 7.794602592269436414e+00
6.365356471313135422e+00 8.167205506202067866e+00
4.665736924008141884e+00 8.019038465400578630e+00
9.705212181061561028e-01 8.239390074838631506e+00
2.837388136167870112e+00 8.070545654188697071e+00
8.230043729976721067e+00 3.755307656813679507e-01
8.238997687913956369e+00 6.091004824374085302e+00
8.222011566397585014e+00 2.711218703599373558e+00
7.993060379622408895e+00 3.609022395116890713e+00
8.416404168392038088e+00 7.200435959396524588e+00
8.365709594599573862e+00 1.363820103201191403e+00
8.491813116252849625e+00 4.879179034032817164e+00
8.448421450226003770e+00 8.073855343399676698e+00
7.505037204781760174e+00 8.450579553005804101e+00
