2.513326844026537721e-01 8.671925068377049683e+00
8.542561220663322796e-01 7.963750816251152775e-01
8.945309776377238009e+00 8.981585240234266632e-01
9.762083215017444138e-01 1.601824183142998459e+00
1.744575491129106037e+00 1.885839994198040825e-01
2.028810018655935909e+00 1.109538045532678874e+00
2.133338766653687379e+00 2.243941822411002374e+00
2.569353631078578060e-01 2.102102009717127462e+00
9.049406288216007566e-01 2.787254701283860658e+00
2.837977172380075519e+00 1.324424420736727059e+00
2.917921688155823645e+00 2.079506016677595270e-01
2.937067341713505364e+00 2.543066724958925828e+00
1.910027053320634494e+00 3.057802388056132248e+00
8.834730778372875903e+00 3.100431569397550824e+00
3.633329297403026903e+00 3.393179261988423789e+00
3.783733715870231329e+00 9.742991904933901992e-01
3.777581162089420186e+00 2.141792086258564431e+00
3.595225133729377021e+00 8.983857357038354863e+00
9.545979455162090233e-01 3.720671484122776818e+00
2.890927062509280443e+00 3.851545255201742179e+00
3.896445636395163614e+00 4.430954212868753572e+00
1.947803053270669160e+00 4.087936154600011029e+00
2.407790897210107528e-01 4.296686303367344806e+00
4.612745345899275762e+00 2.443391741374553394e+00
4.785580424562280832e+00 9.796880779997699240e-02
4.569497766506464664e+00 3.663466620530414719e+00
4.548752303696864452e+00 1.400053859245610655e+00
4.676487954445256889e+00 4.853521839028492657e+00
1.100276270954639646e+00 4.950567088991836506e+00
2.636377487587492130e+00 4.829771816992431965e+00
3.500103353204532475e+00 5.453779961662526432e+00
1.876667194563033991e+00 5.340697902180793655e+00
2.648629829403614244e-01 5.404383178876409843e+00
5.536776674674575460e+00 1.139473480711636233e+00
5.344453311019022657e+00 4.349881004399810180e+00
5.502948445353837315e+00 2.186567526732153155e+00
5.502696381623000121e+00 3.229697680172511909e+00
5.688770858776153183e+00 5.630110428428686475e+00
5.661621970428505790e+00 8.949843019713890513e+00
2.989232125034021692e+00 6.042008004094057583e+00
4.689992353255140856e+00 5.982083146279407515e+00
1.008710236571652263e+00 6.183356569251129642e+00
1.898523353521241575e+00 6.419423934002381316e+00
4.007745919017514424e+00 6.399134513985204720e+00
8.905291032619302882e+00 6.300002452013740317e+00
5.479254198770351358e+00 6.661756672662420442e+00
6.278287486906537040e+00 1.400986131192957007e+00
6.372496974874433562e+00 2.849201316089339020e+00
6.411273558035285980e+00 3.971926502353511967e+00
6.315914707909181303e+00 4.939514095209292854e+00
6.573494608807516570e+00 6.005962076983736964e+00
6.517998228386312931e+00 2.683535125985340719e-01
9.569378920567813696e-01 7.172926607006207433e+00
2.956231330628859677e+00 7.072511058916131077e+00
6.353741540433006207e+00 7.232604130733356840e+00
4.794290021542772173e+00 7.265255969608044317e+00
7.327125458124023716e+00 6.594554261190205935e+00
7.288490932789673415e+00 1.052559198514508854e+00
7.214758302883961250e+00 1.971147266815750587e+00
7.366568142732866420e+00 5.546554404236010011e-02
7.304255083430871487e+00 5.317644198786274146e+00
7.596841806981595724e+00 4.342534341412614296e+00
6.982999569277423824e+00 3.349954919829738031e+00
1.128711194727137213e-01 7.683651617711080739e+00
3.756948314728198568e+00 7.555425502133481075e+00
7.484241293773734149e+00 7.703216190035050204e+00
5.602919966552343922e+00 7.887636008224937711e+00
1.844851494820441307e+00 7.354659393720308636e+00
4.663516214187853670e+00 8.358311526278880521e+00
9.853052535904037734e-01 8.288558464515693558e+00
3.069553369799052245e+00 7.971120568572835907e+00
6.687834648003788018e+00 8.035850696118108871e+00
8.211913856691005265e+00 1.652797678200434106e+00
8.304537700268687317e+00 2.743682616979460920e-01
8.295577704494865756e+00 8.256532679142102538e+00
8.259275509136339011e+00 6.994611950676573819e+00
8.075030881287466045e+00 5.894919344593746224e+00
7.945414224993623264e+00 2.438532696796949395e+00
8.233223565753810647e+00 3.574039999592554917e+00
8.362031462920732849e+00 4.705983952481442856e+00
2.011529063719319499e+00 8.376513485447626195e+00
