8.919745144471399101e+00 1.415984903974761566e-01
1.066912230420707264e+00 3.327629839152390634e-01
1.337148966216495094e-01 1.307952833734651321e+00
1.158005513854126978e+00 1.306612911178417713e+00
1.775671662943759221e+00 8.934871609064078513e+00
1.943311491081791020e+00 1.058625425859451408e+00
2.020850877807193191e-01 2.120559138871032534e+00
1.886327074560448791e+00 2.234391077053610175e+00
1.313761688388642268e+00 2.690809830894252297e+00
3.053213693941131179e+00 2.472620408792740587e+00
2.922513079259408730e+00 1.511299159935339587e+00
2.692427256123659074e+00 2.002088748896717618e-01
1.850562629839511475e+00 3.171142955721478529e+00
7.739174511980070892e-02 3.399716092120217859e+00
3.868129878334542582e+00 2.020671029238587657e+00
3.611371789669683530e+00 3.256682128083424388e+00
3.804617776192985357e+00 8.947080748648495785e+00
3.485595942180968354e+00 8.187021528575865181e-01
2.790328009276749732e+00 3.605216612691544587e+00
7.739802534677182599e-01 3.880682696578019453e+00
2.549553624493676798e-02 4.527812788998011762e+00
1.983243851299445026e+00 4.385462299786343721e+00
3.907820751650484592e+00 4.197447203691333506e+00
4.590156754144206097e+00 2.035229100287008763e-01
4.908830762739055942e+00 2.517022928842600482e+00
4.672710156492432709e+00 3.553463810824433189e+00
4.538717370185529454e+00 1.486138986322824262e+00
4.700875058424115238e+00 4.910559242244477041e+00
3.024318978888293152e+00 4.622971663060639891e+00
1.154630353539893628e+00 4.718899928340468009e+00
3.661218929762249275e+00 5.450923698564649200e+00
2.022003287848622710e-01 5.646662661795093463e+00
2.204039105735710713e+00 5.319672882022351779e+00
5.457349663090628411e+00 3.311178956799330830e+00
5.578477661917641939e+00 4.335544206388146193e+00
5.664852102685845381e+00 2.078592212164327435e+00
5.551032516077651913e+00 1.836993614611561604e-02
5.264767828920105863e+00 9.891600329404313108e-01
5.561466576315226895e+00 5.582131797296906228e+00
3.012031354157878038e+00 5.981209206296228764e+00
1.245227451230217275e+00 5.803539264826003574e+00
4.626812522115232085e+00 5.746684877489200538e+00
5.706190503044858531e+00 6.737949609256841832e+00
1.875006426383162061e+00 6.367766897594927755e+00
1.418248272486144490e-01 6.326905983266369660e+00
3.940430139603173565e+00 6.672650699807419983e+00
6.431399673494839320e+00 3.048634236927629249e-01
6.307073188719620305e+00 1.473138590527090619e+00
6.702259860849285822e+00 2.553192672878695113e+00
6.366639771560863359e+00 4.626578476371236093e+00
6.259286549676922995e+00 5.998203986869016902e+00
6.549143440413501160e+00 3.671598572171921759e+00
4.757048414970554084e+00 7.067778295784579612e+00
6.580420704500380857e+00 6.998955105659407039e+00
3.015092538234291908e+00 7.031058888355021352e+00
1.256127989727373606e+00 7.019286126308205809e+00
7.386723072945406976e+00 6.487072110708632877e+00
7.334631197678048942e+00 3.179587722889360091e+00
7.493580498177302651e+00 8.802812675811251708e+00
7.358933867657017736e+00 1.993459194802635226e+00
7.395553792434396811e+00 5.622812179536259336e+00
7.127865102354646432e+00 9.239818315221954848e-01
7.238583360045240056e+00 4.464441452625892204e+00
3.660862535792443140e+00 7.704921142912763088e+00
5.505421286936463154e+00 7.869635285727444973e+00
2.150528216204734999e+00 7.614035882820947343e+00
7.205339492774744947e+00 7.843983540284728662e+00
1.916689365874522100e-01 7.388649881208649184e+00
6.442252122105727175e+00 8.250911493616891690e+00
1.281660747227190811e+00 7.931015231114095343e+00
2.852294274702684262e+00 8.215274767336252282e+00
4.692658398528447350e+00 8.010054068227457691e+00
8.213350281660549257e+00 1.613430296673191267e+00
8.093821327918716335e+00 5.946235186365197656e+00
8.359916385694676322e+00 7.275220588059856830e+00
8.156662322698982948e+00 4.692498200746313408e+00
8.086492443097288429e+00 4.407528976921148978e-01
8.175884012385640887e+00 3.702736438038181532e+00
8.241248857989397436e+00 8.017714218423430239e+00
8.515681575045258356e+00 2.567503787929955816e+00
3.566383482570178454e-01 8.476888829989693619e+00
