3.764342105305864411e-02 3.955641542528177262e-02
1.055657868040998704e+00 2.455751754639255990e-01
1.842020273910111375e-02 1.042867724264759488e+00
1.047315825731581107e+00 1.630221325629721774e+00
1.780521465871439224e+00 8.967896997774602141e+00
1.690333341100107134e+00 1.029749495716446805e+00
1.991631152918807712e-01 2.271307009679703892e+00
2.092533256006573694e+00 2.360780482707096173e+00
1.201268201113444123e+00 2.482117834543887014e+00
3.060366759292392214e+00 2.693912235854964088e+00
2.680724075595874112e+00 5.900791356589586423e-01
2.685795338484689765e+00 1.571130392747163596e+00
7.043382799335133615e-02 3.293096661684043358e+00
1.920826811588877359e+00 3.434437382924746540e+00
3.650512110164734203e+00 2.147298951834128999e+00
3.816871090883420248e+00 3.313507915549090299e+00
3.481442621165327544e+00 1.696815020571006694e-01
3.642834730304104429e+00 1.142105592381892354e+00
2.646200066215028013e+00 3.960943151736206147e+00
1.060936615494550761e+00 3.758622015867411292e+00
3.819349027342903824e+00 4.393664050562254175e+00
1.730784746622094472e+00 4.568597236032803544e+00
3.333729958493263368e-01 4.375943786850682748e+00
4.645364911249789230e+00 1.895796569635613826e-01
4.629966608468708777e+00 3.460319813001922817e+00
4.687429540224706592e+00 2.568279353010403554e+00
4.674492971634952809e+00 1.241256973828466004e+00
4.707992218918226612e+00 4.623406020588516796e+00
2.942933906434064273e+00 4.667908594865093796e+00
9.927665448328041320e-01 5.059687008429829547e+00
1.254046371754689686e-02 5.401991755994005828e+00
1.989863130067186292e+00 5.633788812606419505e+00
3.679624697352147145e+00 5.521098291382308787e+00
5.648264821933715041e+00 4.289062544664020038e+00
5.676635644244248269e+00 2.939747286931443604e+00
5.245943279556045447e+00 8.787755576135205970e+00
5.375796072799623460e+00 5.324486518349084818e+00
5.279756328596017845e+00 1.791977557719945713e+00
5.648648567143180088e+00 8.959422917950619070e-01
9.311096045371164420e-01 6.321430579095058455e+00
4.729797920649268406e+00 5.786915174915079341e+00
2.838615053319997195e+00 6.029024907413561785e+00
3.542108517043866811e-02 6.482881601944431971e+00
3.878007894131431765e+00 6.377451180355355298e+00
1.902892357192319306e+00 6.414908438210164654e+00
5.655282656296528820e+00 6.630042457337948392e+00
6.550878543602741466e+00 1.381361119622347866e+00
6.354217414690508825e+00 3.824976699391365198e+00
6.703130414759267630e+00 5.859929209212001666e+00
6.406597344438123898e+00 5.023170825013451690e+00
6.501120902377475197e+00 3.305919521749520196e-01
6.326208862478247319e+00 2.586522749823079170e+00
5.059537425093830976e+00 6.924651789091694098e+00
1.105259456309001465e+00 7.220309821928012184e+00
6.549227357648822689e+00 7.125608896393953451e+00
2.952868887266812514e+00 7.111894935986911470e+00
7.290205175461815124e+00 1.208300125926183632e+00
7.390438836373114384e+00 5.222220442856595923e+00
7.428438444429707133e+00 2.206608100502569947e+00
7.325677795831896155e+00 4.118866753600331165e+00
7.293982023967579664e+00 8.798151265281816791e+00
7.163751860743513333e+00 3.029798169591402246e+00
7.375493203223107308e+00 6.415556215896649483e+00
2.170346141122233785e+00 7.871744571874814689e+00
3.705676109993515155e+00 7.361792786667356481e+00
7.389382610746892510e+00 7.537805833727598603e+00
2.204843948507156093e-01 7.728470132727541575e+00
5.790874805260538771e+00 7.678563667196988796e+00
1.018399890735644853e+00 8.095019795468642698e+00
6.624443966986281573e+00 8.460642897221664072e+00
2.719912340846676546e+00 8.146884941391052237e+00
4.859163088607274972e+00 7.993589447148687910e+00
8.173446232784677079e+00 2.992021381123540213e-01
8.207905166545714337e+00 3.726228336903905092e+00
8.332376352083018745e+00 6.015045292115800635e+00
8.211576807269839406e+00 4.668435498951742701e+00
8.384046041588181453e+00 2.614192554644994448e+00
8.433625999936484874e+00 8.239375774188983925e+00
8.171502013304426271e+00 7.317280340752442491e+00
8.354720633504641114e+00 1.358246580951175675e+00
3.870667247364860231e+00 8.293313206884834088e+00
