1.378790265248550917e-01 8.981132979134720529e+00
1.057404636530470787e+00 3.475761876153463104e-01
2.198285938838449860e-02 9.624184706263079203e-01
8.341366114988340019e-01 1.470945050602775250e+00
1.967058926097639215e+00 8.930394767525603683e+00
1.717468569559643665e+00 1.096546576900138792e+00
1.623985843559232256e+00 1.984197898218730050e+00
8.702144807670025628e+00 2.201371453784124022e+00
9.320587865885723300e-01 2.611578513504404064e+00
2.723368666110172587e+00 2.528181174150981647e+00
2.691362441657347393e+00 5.590785252474120837e-01
3.001258143046940940e+00 1.693490348501753395e+00
1.009294997440470798e-01 3.252830974758901483e+00
2.060460170505277411e+00 3.121191438234244497e+00
3.455020597178908304e+00 1.961172591461071701e-01
3.846595150927549334e+00 2.259878097184179424e+00
3.684346447662177670e+00 1.176637602958303885e+00
3.846857112253343480e+00 3.193968402437572518e+00
1.185333817347206775e+00 3.462026731341754093e+00
3.017130308738395161e+00 3.641366278608582085e+00
1.953500907930125985e+00 4.308610308341787487e+00
3.591801471972182025e+00 4.346217013572597487e+00
3.415652522437884198e-01 4.364634120705232156e+00
4.818629548132662421e+00 3.772925404057662746e+00
4.700968212430025162e+00 2.607090362363206015e+00
4.672274436899736649e+00 2.559320689813902039e-01
4.775664547307292729e+00 1.193828886116088839e+00
4.708694329797201483e+00 4.620958266618353072e+00
2.677812298046383876e+00 4.777632859783469854e+00
1.082293090349940368e+00 4.750497776325941501e+00
3.509676864451521938e-01 5.397118005255971518e+00
3.858945025800193829e+00 5.294696416101023928e+00
2.028935035773433704e+00 5.431218953285301687e+00
5.797008617959933829e+00 4.540111442771882722e+00
5.535841726673598195e+00 5.270533374554804418e+00
5.416061728604714354e+00 1.044798748193912052e+00
5.413640281280291511e+00 3.141020314243184064e+00
5.392197846307421827e+00 5.569446599027047182e-03
5.686496574622566413e+00 2.187390737648025052e+00
4.405389398800068967e+00 5.868837527012955135e+00
2.741350265396530261e+00 6.098080926458210094e+00
8.447592795391535292e-01 6.162119767930776426e+00
1.959436593686957329e+00 6.328233487211306851e+00
3.793991861048258141e+00 6.315766876751043313e+00
5.568063391628517600e+00 6.423686932666435645e+00
3.733393138711098985e-02 6.529850580995446130e+00
6.646718506569968099e+00 4.693697246701150405e+00
6.741098675401188345e+00 3.709531440035940264e+00
6.654344118978924527e+00 1.383987487394141791e+00
6.343578957015553854e+00 8.104070420945606867e-02
6.290981763053138387e+00 2.611680132552042455e+00
6.254817862402647144e+00 5.985992416445011344e+00
6.490661644018784315e+00 7.160640331727803343e+00
1.154918574705644962e+00 7.128626133393160202e+00
4.915996159925350995e+00 7.112417953305588902e+00
2.915459406967179312e+00 7.111137186897245499e+00
7.218938603654515340e+00 6.577433391752502523e+00
7.306382732652500600e+00 1.873681248671516419e+00
7.646982385766740720e+00 4.332769501094004383e+00
7.281232102993984157e+00 5.575493670600632612e+00
7.179633074637814083e+00 3.195431014908428402e+00
7.202065552323271724e+00 9.051950404577452369e-01
7.335663901463895797e+00 8.772301792308141444e+00
5.677291266329205222e+00 7.591577964768464248e+00
4.347723569249360431e-01 7.663708924641413844e+00
7.556226169784559410e+00 7.512179264753142682e+00
2.059747235202568305e+00 7.748981972861165524e+00
3.692798134031390234e+00 7.420513646441889932e+00
2.648950241502714853e+00 8.231556909655600052e+00
1.042572270402920331e+00 8.172303630348183745e+00
4.774068025822290728e+00 7.968438838863029616e+00
6.553389285872360581e+00 8.349251208984728834e+00
8.148750122950275454e+00 2.735616082435259777e+00
8.103871897569954186e+00 5.886361231579688713e+00
8.229545700398539054e+00 8.172604326007995468e+00
8.391167204902625798e+00 3.876395640067348047e+00
8.326406038869528459e+00 5.073177228087990542e+00
8.308283382285315710e+00 1.234297091591239626e-01
8.424525943670701622e+00 7.198480172888303663e+00
8.180870939602913339e+00 1.478486706708775911e+00
3.864059148502325236e+00 8.299428361645325936e+00
