6.057050105397849410e-02 8.589863440727249611e+00
9.349469603396136641e-01 5.340692536751751041e-01
8.982420578589758620e+00 8.742568813558302399e-01
1.181689199228214582e+00 1.359509021743673829e+00
2.072894927160313649e+00 9.968841135003047027e-01
1.679298866275135360e+00 8.959113451069656620e+00
2.182455399106526805e-01 2.080983505292780755e+00
1.823108284731481454e+00 2.178520829275135018e+00
9.787566397406173291e-01 2.596122740191694422e+00
2.807960486647132381e+00 9.063266490823741403e-03
3.086199409445832931e+00 2.617919016741364846e+00
2.749795581692124902e+00 1.463494985570032991e+00
2.082423817127764032e+00 3.050064093321827929e+00
5.189322742739664596e-02 3.287200988286475667e+00
3.583498915239863969e+00 1.135395207322102973e+00
3.718282738219933936e+00 2.096637452852985195e+00
3.789853177706572929e+00 8.882579550029396032e+00
3.938141677309494160e+00 3.326077099580390772e+00
2.892810978105822883e+00 3.642622210920125170e+00
1.211523693242803290e+00 3.670956774957619739e+00
1.870272160045647114e+00 4.297158944589001273e+00
3.192547808053607383e-01 4.111092205908930985e+00
3.492799066422860310e+00 4.298410244639657485e+00
4.624463871386481628e+00 1.561408782951002161e+00
4.652666085097241222e+00 3.939249382711981440e+00
4.854935957715516004e+00 2.851670803299044543e+00
4.432805816381078401e+00 7.089661500720676468e-01
2.765634181747179010e+00 5.002392633314400427e+00
1.120525107890748107e+00 4.961208634294512976e+00
4.620406309167454317e+00 4.930581274462483066e+00
2.572369072184722549e-01 5.347357924298191456e+00
3.736124256837516366e+00 5.355356568795649252e+00
1.963687324159993475e+00 5.256134811430691833e+00
5.414136000828535522e+00 2.373700089702402427e-01
5.555176293499796358e+00 2.094453175521682198e+00
5.653351255947280052e+00 4.438423704530544356e+00
5.628506667167962441e+00 1.258077769724597950e+00
5.537892297726944690e+00 3.264136338763141687e+00
5.567511608760192132e+00 5.281815802261550452e+00
4.551174307154848719e+00 6.032544640391362734e+00
3.046636624648668246e+00 6.156840303024740280e+00
1.161711489947246712e+00 6.260740275874588256e+00
3.542506865648019865e+00 6.746588560471464824e+00
1.956046507338482288e+00 6.589769903942844564e+00
5.486161249590608413e-03 6.308998762602557875e+00
5.287806734812374287e+00 6.249512608168164896e+00
6.753174378252441379e+00 3.506192985805756113e+00
6.605278162817313614e+00 6.046046977120122179e+00
6.677191777484236646e+00 1.362990523226292661e+00
6.546604860338381293e+00 2.499834076601646637e-01
6.417663058392706787e+00 2.754803482673497506e+00
6.519701519570370252e+00 4.730290893368731098e+00
2.755523787603396002e+00 7.059267988574089436e+00
6.329973997289926935e+00 7.004358267927661252e+00
4.668230449375109892e+00 7.165590372651288398e+00
1.092187607657672865e+00 7.037977474160156177e+00
7.427618880360391529e+00 3.029214829910717555e+00
7.141116366259119275e+00 5.498279872982082317e+00
7.452038066881244482e+00 6.572881267544858019e+00
7.430206945326659707e+00 4.405276324109877351e+00
7.186102760243631593e+00 8.912250902954161447e+00
7.361300982037551677e+00 1.062975689525894163e+00
7.383065115262496647e+00 2.089197772578207157e+00
7.109119677307307317e-02 7.642826249033615404e+00
3.871510118114354526e+00 7.942157956008641939e+00
7.337322214506666995e+00 7.589224295223323757e+00
5.463359842698159774e+00 7.381034483710592120e+00
1.847155757587632063e+00 7.807493489295123545e+00
6.548633520908727412e+00 7.929408914292937816e+00
2.728884570078111693e+00 8.332309830760348035e+00
1.086532181428942145e+00 8.230003425196528610e+00
4.518777427417965065e+00 8.261972301973615984e+00
8.401297300199772167e+00 2.250878785719798714e-01
8.424905462855662108e+00 2.622647764952591221e+00
8.359576234923080662e+00 1.566690955656192763e+00
8.213643326715173387e+00 4.096305553061657001e+00
8.251641505911345931e+00 6.001087502966771403e+00
8.439226398278202979e+00 7.188437808091512338e+00
8.051039559479571395e+00 8.350204169020262412e+00
8.435872972440265016e+00 4.901166261504672939e+00
5.654372013250674733e+00 8.545280824891040794e+00
