1.431970563988932410e-01 8.565089397967357243e+00
9.596435347441181207e-01 1.350923883312979135e-01
1.346220317356490448e-01 8.707783308835682634e-01
9.950576171888415589e-01 1.488109773836773009e+00
1.971835271185447436e+00 8.803041033521397551e+00
1.680415186294541119e+00 1.151981565110743233e+00
1.935955797224117592e-02 2.206224495525194396e+00
1.860709919126952494e+00 2.271420118621856776e+00
1.096810754323454207e+00 2.568552502231075341e+00
2.758371840293705191e+00 1.432361361300099167e+00
2.870799210052503270e+00 2.673321434572013544e+00
2.534135211172601210e+00 6.016286201058926864e-01
1.709666832677418702e+00 3.314225560194183906e+00
1.680325616563953239e-02 3.200580431827802830e+00
3.664272060499530692e+00 1.262975119651907674e+00
3.663063666402601282e+00 1.383244581412558794e-01
3.669590147344114150e+00 2.242662794593001774e+00
3.872039038116256826e+00 3.344094934127809449e+00
1.087389804503752888e+00 3.922049938790541201e+00
2.789049196621398607e+00 3.547837207347831256e+00
1.260741307288240076e-01 4.448033114382194952e+00
2.202088929311584842e+00 4.481381142412029561e+00
3.677184533695746271e+00 4.116922948289274409e+00
4.724691493779440421e+00 3.624452552457755328e-01
4.622838623120204993e+00 1.394637306521788744e+00
4.673785583286384160e+00 2.577323824175119071e+00
4.913586223923347873e+00 3.940273351476402119e+00
1.215927816097545078e+00 4.718165889818905612e+00
4.535009015685552924e+00 4.896681241613511482e+00
2.933729775559641428e+00 4.824851974128980814e+00
8.044512506241202621e-02 5.275452632919810370e+00
1.802153028312751148e+00 5.573275573543631900e+00
3.664532955767724864e+00 5.522252417574561534e+00
5.543331883605318033e+00 4.263300062088961617e+00
5.518335423922613003e+00 2.963428325663631568e+00
5.345366967443611728e+00 6.948960761263979213e-01
5.679703761635110482e+00 8.995559022832416929e+00
5.396115086116744841e+00 2.025033619498887827e+00
5.658750090364372376e+00 5.355838436008820480e+00
2.897258350858656240e+00 5.988617107356307478e+00
9.775045817188259267e-01 6.129227127241953177e+00
4.781562896951093933e+00 5.688186652796293430e+00
5.571969372478889682e+00 6.535363636259057252e+00
3.640384428975901532e+00 6.569316988847841543e+00
2.001424341818239583e+00 6.389694386349505706e+00
8.959478422831136157e+00 6.550335735092059686e+00
6.593811862530592371e+00 1.686842276734948076e-01
6.684703988404407937e+00 4.620904203249533104e+00
6.727109051961578601e+00 1.504926075604728686e+00
6.473250844840566565e+00 3.575713284437275874e+00
6.287817765960760141e+00 2.305064995794211313e+00
6.374500749510237263e+00 5.856515347782227821e+00
1.046127368147361292e+00 6.917522765760803161e+00
6.380493450243852394e+00 7.120260083242573756e+00
2.658801668956088271e+00 7.421635389467414967e+00
4.682398580334885096e+00 6.865464459330907765e+00
7.196883755306134667e+00 3.217335229070535707e+00
7.492872559843366531e+00 8.696539428857796850e+00
7.334799154281739675e+00 8.915018359523972924e-01
7.419858642507685786e+00 4.033834510132995099e+00
7.264782570449251686e+00 1.948237667944920481e+00
7.276796976315941912e+00 6.220046077719217692e+00
7.331101835939262124e+00 5.194929413144548924e+00
3.264298319346454202e-01 7.359381260405518432e+00
3.832984012715647371e+00 7.370682630528181178e+00
7.157796077842306204e+00 7.415823172615633396e+00
2.130971790567136814e+00 7.698066324599998289e+00
5.506379411742432950e+00 7.728223650939795242e+00
9.217838875644228658e-01 8.342244322144043878e+00
2.755149652320709741e+00 8.417182541747163071e+00
4.826117987372761320e+00 7.896830553661822627e+00
6.549192455396559254e+00 8.298602556164683008e+00
8.297038874275251885e+00 3.403941626007248034e-01
8.110184897846048457e+00 7.257761771301873388e+00
8.349559543869952805e+00 3.480484855420904022e+00
8.108994915803519277e+00 6.066620529295812858e+00
8.411548405370668391e+00 4.981861569606215845e+00
8.241965770818282522e+00 2.491803953880678879e+00
8.217804393698870058e+00 8.076973669647893317e+00
8.425127434823680872e+00 1.281063113686276012e+00
3.917639868188673269e+00 8.464545709478056068e+00
