1.148688589437856788e-01 8.947115866307356669e+00
1.198006659757530512e+00 2.680091815729653826e-01
5.311698314198119025e-02 8.741607422521826543e-01
7.913729804926659117e-01 1.628105779960913990e+00
1.795985581385431962e+00 8.678002766052396177e-01
1.863998891835888516e+00 8.916970777008435434e+00
9.584355195601544641e-02 2.113094063343006646e+00
1.789745724452370235e+00 2.077400863075181014e+00
1.176861299279545969e+00 2.477766661419087413e+00
2.750922095057352301e+00 2.676330151965994997e+00
2.687637144458295602e+00 5.692204504642858209e-01
2.811740877477931555e+00 1.659982532965246227e+00
8.799624069433459539e+00 3.072320592104510251e+00
1.840529833663536730e+00 3.377529865580807478e+00
3.531643512689846887e+00 2.066633029991099324e+00
3.897466905552177341e+00 3.197957825817222766e+00
3.868176579893443101e+00 1.118585186547980115e+00
3.476659577535295753e+00 2.050505573573436213e-01
3.022588194602455314e+00 3.588809890269354153e+00
1.154850517487817640e+00 3.697256482170314662e+00
3.561940615388866416e+00 4.429040025202958475e+00
1.900347110256971783e+00 4.432178072339444164e+00
2.144126018525411848e-01 4.143119654059374213e+00
4.518789431831845782e+00 2.714666392034668085e+00
4.748857104415589170e+00 1.320627766248933854e+00
4.761043573301371623e+00 3.990240708512848400e+00
4.712716560248419562e+00 3.308120771601270604e-01
4.682078588105144767e+00 4.693172341588647711e+00
2.907031342862393952e+00 4.649432444006803777e+00
9.851953724708230054e-01 4.723605810497952362e+00
1.803450194855087618e+00 5.474077455761755751e+00
3.668566650140248520e+00 5.666538399919169855e+00
1.226947370190174524e-01 5.352234091562366736e+00
5.556622190626638869e+00 5.339948486292618313e+00
5.378812286374611951e+00 3.032679543310820236e+00
5.771377009520121781e+00 4.309245913189966082e+00
5.426328080053901992e+00 2.235788231902191558e+00
5.571425704644878074e+00 9.972067813969170968e-01
5.381555336242818122e+00 8.943428684932655415e+00
2.880474097216194185e+00 5.905725635846163613e+00
1.197635222617512207e+00 6.165301854035900142e+00
4.745026169453884002e+00 5.851045630708120449e+00
3.553532035288467394e+00 6.465790044150914184e+00
1.878908101552725918e-01 6.445451818419773993e+00
5.377307343923257044e+00 6.432724110209795398e+00
1.926897591158869272e+00 6.319016609287492869e+00
6.404702290614038951e+00 4.925983095574605564e+00
6.481492907918354085e+00 2.415357750709026252e+00
6.463127514236464144e+00 3.554507175176210509e+00
6.626696786038145603e+00 6.176952955234371601e+00
6.579332858719342703e+00 3.627691959375535791e-01
6.437432962074703724e+00 1.534735627762446875e+00
1.046624390023102702e+00 7.365283230775585110e+00
4.825481972799861019e+00 6.917987759668007719e+00
2.792764146809004533e+00 7.336864343862103510e+00
6.548741397199799863e+00 7.101848259753365866e+00
7.171787908798243905e+00 3.394403465488120553e+00
7.373417040938211819e+00 2.045044605799398063e+00
7.406228023195661869e+00 5.257308279324806044e+00
7.293925341978627408e+00 6.277514834923067610e+00
7.336117707726503845e+00 4.380488229589415639e+00
7.136898709575788757e+00 4.957729479971010982e-03
7.466487026387522263e+00 1.005408208575344631e+00
3.984257547711506309e+00 7.448507203022963985e+00
2.137344155357459030e+00 7.672260627769625252e+00
2.301568752284798708e-02 7.664304418792553975e+00
7.347206715503678431e+00 7.598969116568982329e+00
5.773232936656273573e+00 7.787174751209359869e+00
6.514483872013201449e+00 8.178130739952070627e+00
4.923266156777764024e+00 8.089712408132815114e+00
9.641318896416183337e-01 8.002221634130076922e+00
2.811784513057846269e+00 8.173744538289845707e+00
8.107182967291404196e+00 7.194356880069406657e+00
8.383428608943670923e+00 4.969272673723934552e+00
8.334528823145555876e+00 1.486186161588922416e-01
8.261914720473802376e+00 1.415579663458054860e+00
8.132994593962713736e+00 2.698525269537250360e+00
8.298972074240626995e+00 8.131491823865658830e+00
8.321854786740056298e+00 3.856944283000641072e+00
8.559511311490533458e+00 6.136238543861675332e+00
3.869444149295425017e+00 8.305648477272756125e+00
