8.288721247899059896e-02 2.226744068152287578e-02
1.093653207594587728e+00 3.162339411664485400e-01
8.181928293025138299e-02 9.768580402342066371e-01
9.597294788791697062e-01 1.493845156551497855e+00
2.004105477529201540e+00 8.928110542787464965e+00
1.589299846670206184e+00 9.872113061501269771e-01
1.937985577218739763e+00 2.317248546008326748e+00
8.917388697923069429e+00 2.014240100398335009e+00
8.877373349938624258e-01 2.595924717766423750e+00
2.667888959790871706e+00 5.769560461254128469e-01
2.854497412980625981e+00 2.450906869970630009e+00
2.896699548374757516e+00 1.497182847894614977e+00
1.945738435299549929e+00 3.052603972946965616e+00
2.723493928651802287e-01 3.166552128973066260e+00
3.683651702356695257e+00 1.170145198843836942e+00
3.561860753266085311e+00 1.015141626136704528e-01
3.579974481778426920e+00 3.451412295801613350e+00
3.889016396172614964e+00 2.268297940964743020e+00
3.030245744784896278e+00 3.687753549691729305e+00
1.141217598595611227e+00 3.805110783685647480e+00
2.920380502715791762e-02 4.373531632160450044e+00
3.718576534253021482e+00 4.500753910138143965e+00
1.878043879990140441e+00 4.231849683090258551e+00
4.605021077456138201e+00 2.629508989552023390e+00
4.807144399245717459e+00 3.819960899507884644e+00
4.755450108132709630e+00 4.300658476646695427e-01
4.682377429083870446e+00 1.427225136085829016e+00
4.490907848008916403e+00 4.896715487691391644e+00
2.430360542903341248e+00 4.825373152955565459e+00
6.419217383099460328e-01 4.704451832255431398e+00
6.853929604870195522e-03 5.428868284530218524e+00
3.405240479447722457e+00 5.391161897154018945e+00
1.736381166814789490e+00 5.419767717120430817e+00
5.406815974925732071e+00 2.272135475697950824e+00
5.495030757008148470e+00 9.045830061627668783e-01
5.741907000747454859e+00 3.165331482179952527e+00
5.542634815639332579e+00 8.930375069423352130e+00
5.188708806438672383e+00 4.290911140918765021e+00
5.591073251699209656e+00 5.515195213349595171e+00
1.068048318713701317e+00 6.128416671179021336e+00
2.636160943227644271e+00 6.004496940799199045e+00
4.551021184305929168e+00 6.013526681882961356e+00
2.453919026530623215e-01 6.682004577884335994e+00
5.488893358131148759e+00 6.325089203546983896e+00
3.697110020841339662e+00 6.348972545363759323e+00
1.844454122792774209e+00 6.334464328053304172e+00
6.370025861890138863e+00 1.633702964164015947e+00
6.531081595475537682e+00 2.421050539745199348e+00
6.489840570898578243e+00 4.815067565144276251e+00
6.427723295533811942e+00 3.709678089337649087e+00
6.455960054708066664e+00 5.744170707909717954e+00
6.431229154807565074e+00 1.906613726756110072e-01
1.022394411045455698e+00 7.285179705632612190e+00
2.990076401856620603e+00 7.235560586793267746e+00
6.562196248875838300e+00 7.064979130740827173e+00
4.806863641063936932e+00 7.017052089957972250e+00
7.196706482486918688e+00 1.023362558506377029e+00
7.093628193198909138e+00 4.321623409375601632e+00
7.356051007727829827e+00 1.951870491564965393e+00
7.419303704892544538e+00 5.547777697387932250e+00
7.277488162901545543e+00 6.791431173978106806e+00
7.314775519232561862e+00 4.396346456410833020e-02
7.386309076333565926e+00 3.413440367682645249e+00
2.227845316086538130e+00 7.744109369198537429e+00
2.786433823992008341e-01 7.932134619501149508e+00
7.527634609989779513e+00 7.686889823728070503e+00
5.821974303245888827e+00 7.693958591612614306e+00
3.826053743900580617e+00 7.403883079371647469e+00
2.819133595667455694e+00 8.187125568125992459e+00
4.879388396004809891e+00 7.976795491304748076e+00
1.256000910992093322e+00 8.096764091328342516e+00
6.528569492750529335e+00 8.112096203355422475e+00
8.139890753211345142e+00 3.645941242135256388e+00
8.122784821151055823e+00 6.096027414880376583e+00
8.202798150317914150e+00 2.740728765268984901e-01
8.250284753317774999e+00 8.192204172702217235e+00
8.330625484982745022e+00 2.902515901703077716e+00
8.142877305340556759e+00 1.567345738976089198e+00
8.561003164258950804e+00 7.176786279602082708e+00
8.272421575688596818e+00 5.187643172142712089e+00
4.079012848803225566e+00 8.486763552265324861e+00
