8.848106893801508832e+00 8.956592500585363936e+00
1.120818509332875301e+00 3.871538545207280912e-01
2.683491520211858106e-01 8.524893985810270136e-01
1.234917051014734035e+00 1.441380026330549180e+00
2.052274069036953641e+00 8.900973054520386896e+00
1.811245548421013263e+00 8.915690980058490478e-01
8.407963337323322989e-03 1.977504505688493230e+00
1.796710699133488465e+00 2.293676500183795319e+00
1.019069149069667279e+00 2.566848583016342111e+00
3.108940237861586464e+00 5.004195324079763196e-01
2.843521253111592539e+00 2.437691080246467301e+00
2.900460846740374077e+00 1.585300371630252947e+00
1.887692183110973199e+00 3.347595477977457712e+00
3.214897863771993824e-01 3.205035372726579013e+00
3.486799428233571252e+00 1.989398789030974779e+00
3.596469271608241591e+00 3.418992734510078346e+00
3.629181653477504543e+00 8.946852829714112332e+00
3.953582411416714848e+00 8.967470421459609042e-01
1.002730540196868025e+00 3.904391802945602841e+00
3.053175850963072868e+00 3.670004008864233391e+00
3.738714645467187569e+00 4.523850991540148136e+00
8.983662775017645430e+00 4.476449006382111406e+00
1.987829623366199172e+00 4.102297238445861360e+00
4.525472478584928737e+00 2.121647890281397053e-01
4.681138216131294882e+00 1.796490550760931004e+00
4.686801920549837241e+00 3.556587145950037776e+00
4.658254285092390035e+00 2.805277426078956804e+00
1.179173980229766272e+00 4.889723758900449191e+00
2.992858640362789036e+00 5.077522343635959778e+00
4.683687671985624412e+00 4.742806931172114382e+00
2.050707620266059905e+00 5.251487777674316071e+00
2.901902800426580109e-01 5.273713908959291707e+00
4.001979871745010797e+00 5.539877114594010443e+00
5.623380996179131230e+00 3.157102793992412781e+00
5.603065861886284083e+00 5.405034079507946565e+00
5.367697837431306240e+00 9.101949922537914128e-01
5.539033457277148464e+00 4.439654480369407352e+00
5.423892357825214283e+00 1.982270689172049849e+00
5.539912040998628662e+00 8.910007478820276106e+00
2.712334248997677832e+00 5.905108418504318557e+00
4.737580722221832907e+00 6.060938084532993209e+00
1.117945992661726784e+00 6.149345103390927214e+00
2.901903585410479589e-02 6.412719900993351096e+00
3.539551940577273736e+00 6.549096147504365639e+00
5.427212520422489028e+00 6.447873758138532807e+00
1.703684381959692296e+00 6.489121962884152772e+00
6.435763615694448880e+00 1.630154156551287814e+00
6.619484836473636058e+00 4.785673361386647784e+00
6.710397830418981968e+00 2.537480073887938392e+00
6.274343978855018378e+00 6.123328352579635592e+00
6.140073967891725992e+00 5.575068175533334225e-01
6.240269696512888764e+00 3.642275020420355780e+00
2.972289436356140069e+00 7.073762140631241202e+00
4.657698256554759553e+00 7.335120426814675909e+00
6.465221710770139296e+00 7.229949582066768521e+00
1.191462965815308639e+00 7.188169746992362441e+00
7.390959144150436977e+00 4.203190500835884968e+00
7.212334222239979553e+00 5.333572181268469770e+00
7.289157570070605274e+00 1.195478005613532568e+00
7.177427580940239693e+00 1.980211616788630224e-01
7.242032220552206745e+00 6.431387844943440513e+00
7.454084882734413497e+00 2.083174185293394931e+00
7.293753916864465836e+00 3.338626551375957430e+00
1.982114442759116413e+00 7.864464362206653014e+00
3.463617895805189417e-01 7.820273307798160545e+00
5.631742164032925935e+00 7.900843934295340709e+00
3.622716282825143796e+00 7.500838088305024520e+00
7.405615025548287100e+00 7.275232044422087263e+00
1.036588038051152960e+00 8.188486755739063483e+00
6.399262490561135941e+00 8.123689507783526054e+00
2.690624256337789788e+00 8.281335430509638940e+00
4.554066333790869336e+00 7.964835222160937533e+00
8.172448266116555615e+00 3.187858977456524134e-01
8.421240176149375145e+00 8.046208271472659490e+00
8.406363620931776026e+00 2.751553597721375422e+00
8.355171453824771888e+00 3.609060056290379404e+00
8.274521746948430234e+00 5.968476189108991470e+00
8.500185992288498582e+00 6.989100433011472546e+00
8.195281334803077300e+00 4.999355023074991244e+00
8.466917291759807895e+00 1.446614636359941475e+00
7.456940211862766787e+00 8.375156038404014680e+00
