1.563420367434865954e-02 8.786980730880744161e+00
9.776510210008380053e-01 5.842165110241569481e-01
8.898221398840838958e+00 9.467384179094029406e-01
9.180450889707516549e-01 1.531877933509577350e+00
1.675636082392561566e+00 2.023190053336516026e-01
2.019813603470265395e+00 1.185222376728191085e+00
1.767308637431353802e+00 2.138222316409066348e+00
8.949037687066602187e-02 2.062831252527820514e+00
1.186268603604283545e+00 2.712700367232058429e+00
2.869022181804284699e+00 1.296756876951438819e+00
2.951131788475251483e+00 2.660180403843078967e+00
3.015782362341572043e+00 3.254785886034731179e-01
6.939862271036764674e-02 3.196112428032119368e+00
1.948787609694757839e+00 3.179600736675204153e+00
3.553388867602498280e+00 2.225349600964507957e+00
3.573454682224123324e+00 8.960510250243139296e+00
3.772015998719109309e+00 1.029099519144743846e+00
3.809396137517288672e+00 3.242419562550793888e+00
3.070326569342656686e+00 3.673343710685729846e+00
1.355453864611050108e+00 3.825392102821248752e+00
1.898053736530860292e+00 4.499910691216122416e+00
3.595323689785301369e+00 4.487428461634236143e+00
1.275613683325350356e-01 4.257650081125978758e+00
4.606287004002545871e+00 3.988457220781365109e+00
4.755944665624788570e+00 2.566298644534449558e+00
4.901065322115398359e+00 2.884062514029435143e-01
4.513427241133388002e+00 1.513662253477464636e+00
8.926609888391522363e-01 4.757902582139867498e+00
4.739980941828511263e+00 4.900382685626833990e+00
2.842017367000499561e+00 4.737073861541404085e+00
1.734845808224558805e+00 5.525324104825120486e+00
3.537680240489737837e+00 5.670914617163516525e+00
8.879494029772007357e-02 5.459480151081260502e+00
5.444633946402374747e+00 2.041192830585307760e+00
5.540324962399870934e+00 4.032297435168806565e+00
5.401402610795897452e+00 3.199030816105388642e+00
5.541063637466128178e+00 8.876295866085792241e+00
5.421429295096568346e+00 1.075966844234791164e+00
5.620686953318556611e+00 5.196974915380273785e+00
2.835690766210206437e+00 5.952889480987650472e+00
1.079789716140006739e+00 6.113250053916714499e+00
4.832589299159709917e+00 5.836929360430296754e+00
3.719640806075117379e+00 6.531964100622384528e+00
1.402593545701202871e-01 6.538537115460047566e+00
1.838557242039104977e+00 6.457386986201727019e+00
5.345802925821778295e+00 6.407359271226131803e+00
6.504567656145138876e+00 1.682717999227687222e-01
6.517645628372215505e+00 3.422189172824093628e+00
6.451169914509224945e+00 1.361469781134058143e+00
6.576425868648148487e+00 5.985300819484694834e+00
6.603649289884843121e+00 2.372753746331130564e+00
6.479665940193430451e+00 4.844979128722147088e+00
9.067623585226725069e-01 7.494636689781553507e+00
6.427687640974856897e+00 7.080083620823263146e+00
4.730258888142756746e+00 7.117405124044719145e+00
3.071404956263275032e+00 7.056534909947965950e+00
7.103934639173651533e+00 5.442989924803718793e+00
7.354445195636947652e+00 4.370626432070544354e+00
7.206689877612632245e+00 8.985137162021684887e+00
7.469617584499988361e+00 2.124887165770809716e+00
7.392841480515610186e+00 6.568512353353592736e+00
7.084798340968080588e+00 3.166930204501640755e+00
7.199135590856361233e+00 1.040982363344827855e+00
2.058875671704146093e+00 7.443216144569980486e+00
9.114285226235190052e-02 7.648560928590467434e+00
5.577500202213798275e+00 7.483096040250599046e+00
7.390138789446815792e+00 7.880463266883530160e+00
4.026959257887348542e+00 7.845815896361379771e+00
6.483805806646931735e+00 7.945275785032442251e+00
3.098388476104264377e+00 8.036855510793929014e+00
1.029008846342948091e+00 8.287161179691429069e+00
4.766476355919031960e+00 8.318938032259502791e+00
8.172518080102735283e+00 4.723493647323155464e+00
8.365532726154921050e+00 2.530079754342355880e-01
8.577455385434079815e+00 2.752869779415550777e+00
8.206066987489256448e+00 8.164289855175141497e+00
8.115498288764946722e+00 1.566733674672327492e+00
8.055038158844499918e+00 6.909947087189649118e+00
8.219021853922368948e+00 3.933258252863988336e+00
8.502602357887825590e+00 5.988006480696542511e+00
2.070616944920431024e+00 8.272653911975384133e+00
