1.765774567029963493e-01 8.902939653395280928e+00
1.045690722209460244e+00 2.406201637947558147e-01
8.968396332956032779e+00 1.009151195766510023e+00
1.087312189284056263e+00 1.508511148668260748e+00
1.806655885974244979e+00 8.948060773408184065e-01
1.897735799607278784e+00 8.996297645916623509e+00
2.046591249164757098e+00 2.067638677251967927e+00
8.379316396203903561e-02 2.195342994961865912e+00
9.653073922220949399e-01 2.299468772993633614e+00
2.765166639021249928e+00 1.519295159658039962e+00
2.711563499212571671e+00 2.692452441975889066e+00
2.932317954368355295e+00 1.614333403282299517e-01
1.806426830372855896e+00 3.388724953034688792e+00
1.018194536002203776e-01 3.218327596957542447e+00
3.721101366502988395e+00 8.894987279734319685e+00
3.651572568114983319e+00 1.848991703574667245e+00
3.687030560289969561e+00 3.075362164233824469e+00
3.634362603929101265e+00 1.089359837470836201e+00
3.007903597784982619e+00 3.603596259941362234e+00
1.039994696806635144e+00 3.572192087582235498e+00
1.754112600279906786e+00 4.218809151460941820e+00
3.589243423331340832e+00 4.280734217640168815e+00
1.078442624988290299e-01 4.545288680867715314e+00
4.709569432741943729e+00 1.392012283961731267e+00
4.612843556865239947e+00 2.630489546194067163e+00
4.527863360832512285e+00 3.851400211592213907e+00
4.695699075582537851e+00 1.413671964949610449e-01
2.753668869792901042e+00 4.986552455665557382e+00
1.077700905005490872e+00 4.736163607701538325e+00
4.789103069976383686e+00 4.730581688612506497e+00
3.119758132063911171e-01 5.460441200873869860e+00
1.991797824537659523e+00 5.499476207110954640e+00
3.784835366890726860e+00 5.301489065499972675e+00
5.286371374247558208e+00 8.907775034774610967e-01
5.306931423810169690e+00 3.236016090069974371e+00
5.363240032430010018e+00 5.471838876811675689e+00
5.714034305645792955e+00 4.177473029488216305e+00
5.706184174606751647e+00 8.722405832622440514e+00
5.399717731910574692e+00 2.159001734921508042e+00
9.661738756949591611e-01 6.034486888214706468e+00
2.922823633868776305e+00 5.759947414280017775e+00
4.482396475995663820e+00 5.890671633024044951e+00
3.590618862686334900e+00 6.829211249897690905e+00
2.002230074229719214e+00 6.476823985249156479e+00
5.483408800375831227e+00 6.347082431294703397e+00
1.777634602609727277e-01 6.487207720605985273e+00
6.475707259252041936e+00 5.866886184337372967e+00
6.352147683065339834e+00 6.133750301583765774e-01
6.426162756015042277e+00 3.712842872760554691e+00
6.368896739859831513e+00 2.485724792415598294e+00
6.556098267502398436e+00 4.857992100524547219e+00
6.415524807650061057e+00 1.670829486009069997e+00
6.359323912902082654e+00 7.303044438477424016e+00
1.419297233118655077e+00 7.126513920769220967e+00
2.850263544924483305e+00 7.179153552173280772e+00
4.737205681753403397e+00 6.838314326587803471e+00
7.459298502945929776e+00 2.419849405833191192e+00
7.284775286106871306e+00 3.064882569785355226e+00
7.049348920167394006e+00 6.551252558382548941e+00
7.255577774635214361e+00 1.181722351035045859e+00
7.178772620466220111e+00 4.332139209534297208e+00
7.430863211423500481e+00 5.614776447829834538e+00
7.123716452795898491e+00 2.630185675026957548e-01
2.772517658513227179e-01 7.650392095280162508e+00
3.916917049718706689e+00 7.551231075882478549e+00
2.030996538414384656e+00 7.808436049151112890e+00
7.430248362646504567e+00 7.557129711806633843e+00
5.486129695558791930e+00 7.634223009586339259e+00
6.375556076215689316e+00 8.202811644004837532e+00
1.034233533304002028e+00 8.077425092144016716e+00
2.986646188695718962e+00 8.256941710309233073e+00
4.698255784396663692e+00 8.235084066012641202e+00
8.327924727824894902e+00 4.004616159394602803e+00
8.307671288163618328e+00 3.790921803612994911e-01
8.244433220183088551e+00 1.259982990671917324e+00
8.567914518512093736e+00 8.074260361505881889e+00
8.383468325407976707e+00 2.763393877488297345e+00
8.223287998068402160e+00 6.099976703722017390e+00
8.283480152183114953e+00 6.872891336757197323e+00
8.130835631118445761e+00 4.707030649729071037e+00
7.616026582109115317e+00 8.352092233741140959e+00
