8.833318751797929025e+00 2.027941613072610227e-01
1.080606024271146604e+00 5.263436946445473330e-01
1.127942703186320395e-01 1.179537709668954770e+00
1.222252565420742565e+00 1.297956787848558502e+00
1.997014051310590954e+00 9.222304881220553252e-01
1.780958299209854268e+00 1.291973298715091423e-01
4.639083408540949777e-02 2.071551244253272195e+00
1.789486505935413696e+00 2.297042721944063448e+00
1.222745845013100130e+00 2.686613988015188692e+00
2.970798243099997737e+00 2.892030673319124778e-01
2.939665483124187961e+00 2.440815476230701719e+00
2.996924394319247398e+00 1.640799825531251477e+00
8.895318364699605240e+00 2.944591914199901961e+00
2.048078211169038543e+00 3.197686354678185072e+00
3.805977718548127164e+00 1.785455813951657644e+00
3.780401932884771998e+00 8.601489021093044585e+00
3.709432310279609180e+00 7.923196057226568056e-01
3.623420649341870359e+00 3.230369978168120770e+00
1.111194248480433577e+00 3.631486421403566034e+00
2.936705730935285530e+00 3.649957396252489605e+00
1.884752015456522489e+00 4.524254376668702449e+00
3.549647833500510608e+00 4.413257149443122529e+00
8.762186740581623390e-02 4.018158624053678629e+00
4.810635380446669274e+00 1.360465908013189340e+00
4.565935893086084718e+00 3.680367323090281140e+00
4.594125913721504695e+00 2.612940578293361682e+00
4.597173555488035745e+00 1.822718693782224564e-01
1.105202921272710581e+00 4.510216856046842970e+00
2.687834303290668636e+00 4.968533797643671868e+00
4.644800355745011267e+00 4.720461669026229323e+00
3.608389767474915466e+00 5.336252257345323713e+00
8.495245558341467385e-02 5.249773602970540409e+00
1.815061459149617251e+00 5.594357603890481201e+00
5.528232175081139843e+00 4.397180103961804143e+00
5.440395766971271918e+00 2.171665026190301884e+00
5.380682894549397410e+00 8.068545436734136933e-01
5.477764309319153924e+00 8.857166220530910294e+00
5.291204227271622429e+00 5.352816389065752745e+00
5.276304841738268969e+00 3.128208769846926085e+00
8.134102871484635289e-01 5.887210114590287091e+00
2.756202543358324597e+00 6.180015679828654740e+00
4.679806312597044382e+00 6.030877647463688263e+00
5.757140173307653264e+00 6.544625044809534664e+00
1.930296124304750616e-01 6.294008818515856696e+00
3.806479589769514060e+00 6.258798470969447969e+00
1.842547733987991210e+00 6.486371002920211737e+00
6.446062520112135985e+00 3.576009311611146213e+00
6.397419152260519937e+00 4.589292681958760944e+00
6.402606188877890681e+00 8.357800968514164652e-02
6.391254268455593746e+00 1.510051753242980466e+00
6.456355325290700442e+00 2.433124656787802209e+00
6.329376783232135040e+00 5.907226122424377834e+00
1.174454071917901743e+00 7.226346677740610680e+00
4.612038769372264646e+00 7.048411929109579255e+00
2.853311436632878895e+00 7.149017778762032371e+00
6.474918032238251797e+00 7.094801687954706004e+00
7.257676524548585029e+00 2.102971547042327138e+00
7.157245456514523596e+00 3.483075146499592822e+00
7.402879841895275703e+00 6.354527040328809662e+00
7.303303384385432473e+00 4.393344953297711797e+00
7.104619388400807090e+00 5.529439443094631201e+00
7.300173734963772532e+00 4.387471651947981444e-02
7.004666910245529010e+00 9.615633477712577371e-01
2.024957311514261615e+00 7.822689719130089259e+00
1.106764245453239898e-01 7.431019131614996276e+00
7.476147928625127115e+00 7.723645306518450049e+00
5.582108182604567759e+00 7.666631905386727119e+00
3.584128633347568371e+00 7.526307561759440823e+00
4.572617486120765129e+00 7.883884229400702104e+00
2.750520212562025613e+00 8.381899673218692115e+00
6.392015469719455112e+00 8.028308419827560272e+00
1.133716708364899128e+00 8.034828686019519495e+00
8.157765051759092501e+00 7.223693480548382340e+00
8.114926637218863092e+00 8.222444719282917092e+00
8.304088304512674767e+00 5.000717223546964796e+00
8.326607859101928355e+00 3.939936657697899136e+00
8.191488386425266555e+00 1.698030544975844824e+00
8.207669069206582790e+00 6.010263996310756696e+00
8.109971803933015977e+00 2.710164978142326486e+00
8.083672216028205071e+00 5.602579883308084208e-01
1.724969970130411923e-01 8.307682991648864146e+00
