5.715100181560959364e-02 3.876345674460908164e-01
1.149263283583147555e+00 4.254932336228795520e-01
1.644897925187936705e-01 1.365567494010348604e+00
1.198390335242411897e+00 1.552197864075385292e+00
1.864975561981430330e+00 8.666686470162596745e-01
1.846669551612019955e+00 8.873567240501429865e+00
9.174355420436636210e-02 2.350961475100167952e+00
1.941107282481510987e+00 2.018744399071396689e+00
1.203874525227611070e+00 2.737319453330096852e+00
2.991523614802801490e+00 2.298137611858992013e+00
3.151175114961741297e+00 1.675007796366294877e-01
2.782009043886675137e+00 1.521698591804031553e+00
1.797377093467655618e+00 3.333779974565455273e+00
3.620579777742511524e-02 3.458190589478770338e+00
3.774631606125319117e+00 1.057018995587563293e+00
3.809245755077998119e+00 8.977626119141444150e+00
3.541084229357900792e+00 3.379162515372045039e+00
3.725947557299413848e+00 2.086219756618613808e+00
1.043474563944014388e+00 3.659475135154901970e+00
2.907471245937045534e+00 3.693652501693796442e+00
3.767632292789490300e+00 4.190457291351853186e+00
2.087969213723279260e+00 4.278375518640398667e+00
8.933717972823405518e+00 4.505484096672275562e+00
4.851935892688623575e+00 4.481902896074274056e-01
4.754520960150685482e+00 2.849386382593205091e+00
4.715656845690610055e+00 3.964762329508467964e+00
4.566039393655306533e+00 1.526021648853261414e+00
3.036738028095331998e+00 4.981369442595477537e+00
4.859062684890168349e+00 4.901391499362605764e+00
1.318043211109391599e+00 4.759736117214996121e+00
3.486320262495009370e+00 5.373580752700068963e+00
2.007338190650866938e-01 5.272329785225664089e+00
1.720818307290884253e+00 5.404034267200662711e+00
5.651003743673738811e+00 9.139601381392158386e-01
5.246827739479130948e+00 2.211507122580929519e+00
5.480440840431956673e+00 8.946063035999095803e+00
5.581543695576529629e+00 4.348130578700551752e+00
5.495722532441231323e+00 3.009596820322165911e+00
5.574285967739317726e+00 5.491689676014557264e+00
4.581395416239198326e+00 5.945565346128330653e+00
1.035830759328491668e+00 5.962725274697769251e+00
2.779007539455286668e+00 6.167282681013519507e+00
1.899960628043780408e+00 6.507690370418161230e+00
8.914347554594217016e+00 6.443382273600355425e+00
3.573215409397788367e+00 6.552827363010329087e+00
5.187578682024244436e+00 6.353292559564014397e+00
6.476380381778866102e+00 3.630600373089539978e+00
6.536611638520133383e+00 1.689723132410360096e-01
6.557343121612533743e+00 4.674806456818092038e+00
6.486205635720504681e+00 6.040149929333678003e+00
6.321853524631602994e+00 1.511744124837897774e+00
6.651859901808544251e+00 2.578251392949780119e+00
6.401155466469239386e+00 7.164629117116917634e+00
1.110562584853412194e+00 7.015723174518345040e+00
3.020942075710886243e+00 7.227299810151633253e+00
4.601375507844273294e+00 7.104967343383290057e+00
7.034159392576054159e+00 1.041650341126298285e+00
7.314833564569580560e+00 3.417360331594923473e+00
7.245712810176003771e+00 2.120704775617741067e+00
7.293017530594747555e+00 4.539617963514805510e+00
7.150927420053929673e+00 6.697288814400278234e+00
7.420766282845542072e+00 8.867277514085630585e+00
7.191683046722736172e+00 5.755861665095571844e+00
2.729231332120486408e-01 7.461202781710452037e+00
5.701093567693407138e+00 7.697833128190103125e+00
7.562646140049452903e+00 7.720499917480741381e+00
3.960715764588562227e+00 7.818057853386615186e+00
2.127480054914065555e+00 7.716158445632680163e+00
6.402628928101588457e+00 8.107543431595988892e+00
2.854376641766117384e+00 8.343526193539341662e+00
1.296148546129757051e+00 8.091961438846615451e+00
4.737627205176897505e+00 8.034374468671781955e+00
8.195962051876849230e+00 5.055800047186677304e+00
8.339855827667408406e+00 6.021717692918208797e+00
8.056709427265616341e+00 6.037831669044237959e-01
8.315696957281540236e+00 8.401653287820968430e+00
8.262363387363365064e+00 7.350056362569724833e+00
8.203508680139050213e+00 3.685974844215653246e+00
8.333858844309553149e+00 2.548406714576280763e+00
8.216860711900624281e+00 1.538853045242190909e+00
2.705098384902166475e-01 8.471863561730224035e+00
