3.455754499261592949e-02 2.543405489559362742e-01
9.600931568171852115e-01 2.794414700067602841e-01
1.428169786398015770e-02 1.217092609518701796e+00
1.264606311299677932e+00 1.241651336028951835e+00
1.783536981607959371e+00 8.968942762593618667e+00
1.943299191214889143e+00 8.211436167946306597e-01
1.848978075784180275e+00 2.121737856298223868e+00
4.191882473800208342e-02 2.046948842995909068e+00
1.101310942627429679e+00 2.341977679277091884e+00
3.139418962556483450e+00 1.695241222541565840e+00
2.717338413015510934e+00 2.215223395633368619e-01
2.943237242011906840e+00 2.636238440307858699e+00
2.056974230379391422e+00 2.995392237333594387e+00
4.220280174549780883e-01 3.142693056436931975e+00
3.609662935338229239e+00 1.096567354075793865e+00
3.966724916665881562e+00 3.395718612951989623e+00
3.895323475478227770e+00 1.923453071188646391e+00
3.810408887236240272e+00 8.851689376525927244e+00
2.909015492388895119e+00 3.508932879193551013e+00
1.057198638188866058e+00 3.685698648706413838e+00
1.991588864122462832e+00 4.245049742776638269e+00
1.560964838556992418e-01 4.338630122732059391e+00
3.666724519433800733e+00 4.456586854157821520e+00
4.610386661962556865e+00 1.290639648050931010e+00
4.543172864929839960e+00 1.248823411718037457e-01
4.834350826743817997e+00 2.716374964510454237e+00
4.585120394641317709e+00 3.708967615191573142e+00
1.288571036235851563e+00 4.644454776125312101e+00
4.973841804050350923e+00 4.804597809271440312e+00
2.886694005367162585e+00 4.713204454661963361e+00
5.223807242319605110e-02 5.412394090939154800e+00
1.844580898952390857e+00 5.446514173480855092e+00
3.754550149619954258e+00 5.375716747093062686e+00
5.461333523605836682e+00 7.910285084739741013e-01
5.487382910592962126e+00 1.837637252444889846e+00
5.418861172322814390e+00 5.515361893919529912e+00
5.644306882882911047e+00 4.473850996213661446e+00
5.518371432390517306e+00 3.004700141886829545e+00
5.525515709266767495e+00 8.972008967166644311e+00
2.876430629121827565e+00 5.870200214212355050e+00
4.442617433155236384e+00 6.043887923641581672e+00
1.062495528237675568e+00 5.931687032439526774e+00
2.404978240330169492e-01 6.266436725478978786e+00
5.745850390219849224e+00 6.662221964754166059e+00
2.211633053685307271e+00 6.404575166446008438e+00
3.759695426253200523e+00 6.558290578009359884e+00
6.359619592444913039e+00 1.668067038091304077e+00
6.517594281166504189e+00 1.536411761149746036e-01
6.345240224012117736e+00 5.851297096284526766e+00
6.491283586675149486e+00 3.669258036592372818e+00
6.501446031159971106e+00 4.786218426181989116e+00
6.406328985311843027e+00 2.704614001244922683e+00
1.093204805447848704e+00 6.955923444363853569e+00
4.675652288403600032e+00 7.027573222074384063e+00
6.412313208038201040e+00 7.151072091010098219e+00
2.817147741722317633e+00 7.196036300962051158e+00
7.461292140087168789e+00 8.809908423124985788e+00
7.254318865368914793e+00 6.304410898300179866e+00
7.398584127609781902e+00 5.340600635742434044e+00
7.625744866977413494e+00 3.236846874362113269e+00
7.147607847739492648e+00 9.084439490023018537e-01
7.199576186811862399e+00 2.037421343779600935e+00
7.242248084692126220e+00 4.022531902598355913e+00
5.598951870946846654e+00 7.703503992576008486e+00
1.005970954610933138e-01 7.425897583062197604e+00
2.032994619266335068e+00 7.603059109252451542e+00
3.703125184102546985e+00 7.734689131503613702e+00
7.453780908513730985e+00 7.713296873278681964e+00
2.861398497496252080e+00 8.424711744107844069e+00
4.584246952717208501e+00 7.943633525121562400e+00
1.231841221261274599e+00 7.813218109406656176e+00
6.426145446268498596e+00 8.203895906814571148e+00
8.377926727794147155e+00 2.885011085257226604e+00
8.163359920284269933e+00 7.216309769219976467e+00
8.452163303017270479e+00 3.931448619766113595e+00
8.192501611924756233e+00 8.223857704832102655e+00
8.285835142602687498e+00 5.019006319319456288e+00
8.023233771384669311e+00 1.707252205064622164e+00
8.028678679324658063e+00 6.149450113513863059e+00
8.024057278740764687e+00 6.993744579681425710e-01
2.558096802666549596e-01 8.312569947792962211e+00
